time,x,y,z,qx,qy,qz,qw,fx,fy,fz
0.0,0.226394,0.010158,0.544379,0.901425,-0.432757,-0.0123823,-0.000901838,-4.508366,-3.63573,-1.98241
0.0,0.22763,0.013934,0.543683,0.903143,-0.42914,-0.0124665,0.00406616,-4.749188,-3.877852,-2.270876
0.01,0.22763,0.013934,0.543683,0.903143,-0.42914,-0.0124665,0.00406616,-4.898174,-3.854158,-2.59992
0.02,0.229313,0.018871,0.543171,0.905314,-0.424441,-0.0123458,0.0101594,-5.04716,-3.830464,-2.928964
0.02,0.229313,0.018871,0.543171,0.905314,-0.424441,-0.0123458,0.0101594,-5.293758,-3.967064,-3.13761
0.02,0.229313,0.018871,0.543171,0.905314,-0.424441,-0.0123458,0.0101594,-5.540356,-4.103664,-3.346256
0.03,0.231405,0.024426,0.543175,0.907708,-0.419123,-0.012189,0.0159277,-5.692288,-4.066286,-3.473342
0.04,0.231405,0.024426,0.543175,0.907708,-0.419123,-0.012189,0.0159277,-5.983362,-4.112436,-3.53423
0.04,0.233901,0.031119,0.543614,0.910334,-0.413159,-0.0120462,0.0211466,-6.274436,-4.158586,-3.595118
0.04,0.233901,0.031119,0.543614,0.910334,-0.413159,-0.0120462,0.0211466,-6.326822,-4.078426,-3.673466
0.05,0.233901,0.031119,0.543614,0.910334,-0.413159,-0.0120462,0.0211466,-6.379208,-3.998266,-3.751814
0.06,0.236958,0.039075,0.544592,0.913224,-0.406561,-0.0128484,0.0237453,-6.475234,-3.911474,-3.746758
0.06,0.236958,0.039075,0.544592,0.913224,-0.406561,-0.0128484,0.0237453,-6.449226,-3.951512,-3.817588
0.06,0.236958,0.039075,0.544592,0.913224,-0.406561,-0.0128484,0.0237453,-6.423218,-3.99155,-3.888418
0.07,0.24038,0.048072,0.54593,0.916222,-0.399743,-0.0150787,0.022682,-6.419608,-4.003546,-3.859798
0.08,0.24038,0.048072,0.54593,0.916222,-0.399743,-0.0150787,0.022682,-6.415998,-4.015542,-3.831178
0.08,0.244253,0.05841,0.547882,0.919433,-0.392387,-0.018589,0.0181448,-6.751576,-3.873562,-3.85999
0.08,0.244253,0.05841,0.547882,0.919433,-0.392387,-0.018589,0.0181448,-7.034238,-3.726234,-3.777576
0.09,0.244253,0.05841,0.547882,0.919433,-0.392387,-0.018589,0.0181448,-7.106004,-3.63906,-3.6149
0.1,0.24848,0.069402,0.550178,0.922596,-0.384903,-0.0229568,0.0117862,-7.00199,-3.5454,-3.605414
0.1,0.24848,0.069402,0.550178,0.922596,-0.384903,-0.0229568,0.0117862,-6.897976,-3.45174,-3.595928
0.1,0.252922,0.080618,0.552425,0.925684,-0.377246,-0.0276027,0.00581105,-6.733462,-3.451942,-3.37371
0.11,0.252922,0.080618,0.552425,0.925684,-0.377246,-0.0276027,0.00581105,-6.568948,-3.452144,-3.151492
0.12,0.252922,0.080618,0.552425,0.925684,-0.377246,-0.0276027,0.00581105,-6.425354,-3.24068,-3.199228
0.12,0.257675,0.092177,0.55479,0.928843,-0.369051,-0.0324326,0.000256043,-6.416954,-3.206306,-2.924194
0.12,0.257675,0.092177,0.55479,0.928843,-0.369051,-0.0324326,0.000256043,-6.408554,-3.171932,-2.64916
0.13,0.262566,0.103443,0.556987,0.931913,-0.360724,-0.0373805,-0.00437121,-6.576968,-2.878186,-2.705852
0.14,0.262566,0.103443,0.556987,0.931913,-0.360724,-0.0373805,-0.00437121,-6.745382,-2.58444,-2.762544
0.14,0.262566,0.103443,0.556987,0.931913,-0.360724,-0.0373805,-0.00437121,-6.830364,-2.591908,-2.551256
0.14,0.267886,0.114708,0.559067,0.934989,-0.35205,-0.0423863,-0.00780363,-6.971044,-2.218574,-2.684806
0.15,0.267886,0.114708,0.559067,0.934989,-0.35205,-0.0423863,-0.00780363,-7.111724,-1.84524,-2.818356
0.16,0.273584,0.125468,0.560921,0.937927,-0.34341,-0.047479,-0.0104281,-7.23865,-1.912422,-2.742546
0.16,0.273584,0.125468,0.560921,0.937927,-0.34341,-0.047479,-0.0104281,-7.365576,-1.979604,-2.666736
0.16,0.273584,0.125468,0.560921,0.937927,-0.34341,-0.047479,-0.0104281,-7.561108,-1.743554,-2.672974
0.17,0.27959,0.13537,0.562653,0.94065,-0.3351,-0.052287,-0.0123181,-7.667416,-1.721332,-2.615902
0.18,0.27959,0.13537,0.562653,0.94065,-0.3351,-0.052287,-0.0123181,-7.581438,-1.682372,-2.564808
0.18,0.286071,0.144339,0.564463,0.943177,-0.327167,-0.0565428,-0.0134682,-7.223048,-1.591754,-2.616066
0.18,0.286071,0.144339,0.564463,0.943177,-0.327167,-0.0565428,-0.0134682,-6.864658,-1.501136,-2.667324
0.19,0.286071,0.144339,0.564463,0.943177,-0.327167,-0.0565428,-0.0134682,-6.835254,-1.466688,-2.644516
0.2,0.29331,0.152427,0.56624,0.945681,-0.319345,-0.0595265,-0.0127412,-6.80585,-1.43224,-2.621708
0.2,0.29331,0.152427,0.56624,0.945681,-0.319345,-0.0595265,-0.0127412,-7.206958,-1.346244,-2.428222
0.2,0.301362,0.159214,0.568123,0.947873,-0.312577,-0.0606138,-0.0125726,-7.337538,-1.260232,-2.188548
0.21,0.301362,0.159214,0.568123,0.947873,-0.312577,-0.0606138,-0.0125726,-7.468118,-1.17422,-1.948874
0.22,0.301362,0.159214,0.568123,0.947873,-0.312577,-0.0606138,-0.0125726,-7.421068,-1.177392,-1.923432
0.22,0.310334,0.165641,0.569971,0.94993,-0.306189,-0.0606752,-0.0141161,-7.374018,-1.180564,-1.89799
0.22,0.310334,0.165641,0.569971,0.94993,-0.306189,-0.0606752,-0.0141161,-6.829054,-1.190268,-1.857306
0.23,0.319814,0.171212,0.571569,0.951633,-0.300631,-0.0611262,-0.0167141,-6.544668,-1.299336,-1.780206
0.24,0.319814,0.171212,0.571569,0.951633,-0.300631,-0.0611262,-0.0167141,-6.260282,-1.408404,-1.703106
0.24,0.319814,0.171212,0.571569,0.951633,-0.300631,-0.0611262,-0.0167141,-6.036902,-1.492302,-1.712718
0.24,0.329626,0.176313,0.572661,0.953111,-0.29562,-0.0615429,-0.0200409,-5.813522,-1.5762,-1.72233
0.25,0.329626,0.176313,0.572661,0.953111,-0.29562,-0.0615429,-0.0200409,-5.976988,-1.589299,-1.664798
0.26,0.340211,0.180955,0.573448,0.954395,-0.291069,-0.0616786,-0.0245843,-6.111706,-1.4234,-1.64835
0.26,0.340211,0.180955,0.573448,0.954395,-0.291069,-0.0616786,-0.0245843,-6.314026,-1.306988,-1.77273
0.26,0.340211,0.180955,0.573448,0.954395,-0.291069,-0.0616786,-0.0245843,-6.536056,-1.207398,-1.903082
0.27,0.351048,0.185024,0.574064,0.955493,-0.28688,-0.061887,-0.0300584,-6.758086,-1.107808,-2.033434
0.28,0.351048,0.185024,0.574064,0.955493,-0.28688,-0.061887,-0.0300584,-6.840508,-1.079638,-2.168858
0.28,0.362372,0.18851,0.574542,0.956337,-0.283202,-0.0624137,-0.0363389,-6.92293,-1.051469,-2.304282
0.29,0.362372,0.18851,0.574542,0.956337,-0.283202,-0.0624137,-0.0363389,-6.87353,-1.018157,-2.373114
0.29,0.362372,0.18851,0.574542,0.956337,-0.283202,-0.0624137,-0.0363389,-6.818854,-0.936731,-2.397966
0.3,0.374258,0.191267,0.574865,0.956863,-0.280183,-0.0636082,-0.0431768,-6.764178,-0.855305,-2.422818
0.3,0.374258,0.191267,0.574865,0.956863,-0.280183,-0.0636082,-0.0431768,-6.711448,-0.792769,-2.677114
0.3,0.374258,0.191267,0.574865,0.956863,-0.280183,-0.0636082,-0.0431768,-6.658718,-0.730232,-2.93141
0.31,0.386576,0.192864,0.575082,0.956977,-0.278154,-0.0655195,-0.0503336,-6.811666,-0.558758,-3.004816
0.32,0.386576,0.192864,0.575082,0.956977,-0.278154,-0.0655195,-0.0503336,-6.612838,-0.398308,-2.921158
0.32,0.399008,0.193539,0.575401,0.956789,-0.276956,-0.0676147,-0.0572631,-6.41401,-0.237858,-2.8375
0.32,0.399008,0.193539,0.575401,0.956789,-0.276956,-0.0676147,-0.0572631,-6.170186,-0.184202,-2.949158
0.33,0.399008,0.193539,0.575401,0.956789,-0.276956,-0.0676147,-0.0572631,-5.926362,-0.130545,-3.060816
0.34,0.411639,0.19332,0.575574,0.956331,-0.276376,-0.0709878,-0.0633099,-5.481922,-0.20673,-3.357836
0.34,0.411639,0.19332,0.575574,0.956331,-0.276376,-0.0709878,-0.0633099,-5.367264,-0.33653,-3.61929
0.34,0.423772,0.192405,0.575775,0.955726,-0.276126,-0.0752446,-0.0684116,-5.191672,-0.367002,-3.732224
0.35,0.423772,0.192405,0.575775,0.955726,-0.276126,-0.0752446,-0.0684116,-5.01583,-0.321759,-3.58602
0.36,0.423772,0.192405,0.575775,0.955726,-0.276126,-0.0752446,-0.0684116,-4.839988,-0.276516,-3.439816
0.36,0.436199,0.190725,0.576269,0.955116,-0.276118,-0.0785589,-0.0730765,-4.692172,-0.117429,-3.19251
0.36,0.436199,0.190725,0.576269,0.955116,-0.276118,-0.0785589,-0.0730765,-4.544356,0.041657,-2.945204
0.37,0.44851,0.188187,0.577235,0.954597,-0.276543,-0.0796889,-0.076934,-4.409192,0.21698,-2.902986
0.38,0.44851,0.188187,0.577235,0.954597,-0.276543,-0.0796889,-0.076934,-4.530202,0.396528,-2.946096
0.38,0.44851,0.188187,0.577235,0.954597,-0.276543,-0.0796889,-0.076934,-4.651212,0.576076,-2.989206
0.38,0.461034,0.184344,0.578668,0.954236,-0.277529,-0.0783071,-0.0792404,-4.883696,0.644788,-3.149654
0.39,0.461034,0.184344,0.578668,0.954236,-0.277529,-0.0783071,-0.0792404,-5.11618,0.7135,-3.310102
0.4,0.473501,0.179133,0.580134,0.954081,-0.278949,-0.0752569,-0.0790786,-5.494366,0.694405,-3.42853
0.4,0.473501,0.179133,0.580134,0.954081,-0.278949,-0.0752569,-0.0790786,-5.621648,0.754154,-3.534498
0.4,0.473501,0.179133,0.580134,0.954081,-0.278949,-0.0752569,-0.0790786,-5.74893,0.813903,-3.640466
0.41,0.485793,0.172609,0.581531,0.953979,-0.280976,-0.0711074,-0.0769477,-5.620074,0.929606,-3.558464
0.42,0.485793,0.172609,0.581531,0.953979,-0.280976,-0.0711074,-0.0769477,-5.491218,1.045309,-3.476462
0.42,0.498376,0.16457,0.582821,0.953722,-0.283913,-0.0659744,-0.0738627,-5.150102,1.139762,-3.15889
0.42,0.498376,0.16457,0.582821,0.953722,-0.283913,-0.0659744,-0.0738627,-4.859466,1.13998,-2.844842
0.43,0.498376,0.16457,0.582821,0.953722,-0.283913,-0.0659744,-0.0738627,-4.63043,1.137614,-2.515574
0.44,0.510561,0.155634,0.583417,0.953145,-0.287702,-0.0612508,-0.0706427,-4.727052,1.115236,-2.151062
0.44,0.510561,0.155634,0.583417,0.953145,-0.287702,-0.0612508,-0.0706427,-4.823674,1.092858,-1.78655
0.44,0.522598,0.145817,0.583421,0.95219,-0.292398,-0.0569897,-0.0677456,-4.978662,0.980681,-1.79999
0.45,0.522598,0.145817,0.583421,0.95219,-0.292398,-0.0569897,-0.0677456,-5.13365,0.868503,-1.81343
0.46,0.522598,0.145817,0.583421,0.95219,-0.292398,-0.0569897,-0.0677456,-4.752044,0.785711,-2.06281
0.46,0.533858,0.136042,0.582912,0.950934,-0.297478,-0.0537426,-0.0658987,-4.321366,0.747731,-2.341724
0.46,0.533858,0.136042,0.582912,0.950934,-0.297478,-0.0537426,-0.0658987,-3.890688,0.709752,-2.620638
0.47,0.544638,0.125895,0.582243,0.949284,-0.303286,-0.0511495,-0.0652728,-3.918682,0.833935,-2.593048
0.48,0.544638,0.125895,0.582243,0.949284,-0.303286,-0.0511495,-0.0652728,-3.946676,0.958119,-2.565458
0.48,0.544638,0.125895,0.582243,0.949284,-0.303286,-0.0511495,-0.0652728,-4.42933,1.126661,-2.593456
0.48,0.555243,0.115008,0.581481,0.947204,-0.309984,-0.0489447,-0.0657127,-4.156824,1.011877,-2.719854
0.49,0.555243,0.115008,0.581481,0.947204,-0.309984,-0.0489447,-0.0657127,-3.884318,0.897094,-2.846252
0.5,0.565136,0.103841,0.580636,0.94486,-0.317175,-0.046951,-0.0665927,-3.615692,0.881898,-2.93246
0.5,0.565136,0.103841,0.580636,0.94486,-0.317175,-0.046951,-0.0665927,-3.347066,0.866702,-3.018668
0.5,0.565136,0.103841,0.580636,0.94486,-0.317175,-0.046951,-0.0665927,-3.043052,0.954164,-2.934174
0.51,0.574658,0.091622,0.579671,0.942192,-0.325218,-0.0446918,-0.0671597,-3.393408,1.306439,-2.850016
0.52,0.574658,0.091622,0.579671,0.942192,-0.325218,-0.0446918,-0.0671597,-3.484132,1.346792,-2.622364
0.52,0.583293,0.078947,0.578403,0.939368,-0.333647,-0.0423854,-0.0668619,-3.428222,1.551728,-2.341704
0.52,0.583293,0.078947,0.578403,0.939368,-0.333647,-0.0423854,-0.0668619,-3.372312,1.756664,-2.061044
0.53,0.583293,0.078947,0.578403,0.939368,-0.333647,-0.0423854,-0.0668619,-2.87687,1.649132,-1.974926
0.54,0.591191,0.065255,0.576617,0.936364,-0.342688,-0.0398064,-0.0648334,-2.381428,1.5416,-1.888808
0.54,0.591191,0.065255,0.576617,0.936364,-0.342688,-0.0398064,-0.0648334,-2.481802,1.579108,-1.618113
0.55,0.598206,0.050753,0.574445,0.933225,-0.352169,-0.0367938,-0.060944,-1.80979,1.605438,-1.801113
0.55,0.598206,0.050753,0.574445,0.933225,-0.352169,-0.0367938,-0.060944,-1.137778,1.631768,-1.984113
0.56,0.598206,0.050753,0.574445,0.933225,-0.352169,-0.0367938,-0.060944,-0.946434,1.504728,-1.787709
0.56,0.604067,0.035815,0.571581,0.929889,-0.361987,-0.0342347,-0.0556709,-0.75509,1.377688,-1.591305
0.57,0.604067,0.035815,0.571581,0.929889,-0.361987,-0.0342347,-0.0556709,-0.258438,1.561966,-1.700106
0.57,0.608896,0.020648,0.568333,0.926405,-0.371905,-0.0319593,-0.0493875,-0.305425,1.42403,-1.608274
0.58,0.608896,0.020648,0.568333,0.926405,-0.371905,-0.0319593,-0.0493875,-0.352412,1.286094,-1.516442
0.58,0.608896,0.020648,0.568333,0.926405,-0.371905,-0.0319593,-0.0493875,-0.405434,1.407868,-1.487908
0.58,0.612699,0.004381,0.564762,0.922423,-0.382687,-0.0300235,-0.0422466,-0.458456,1.529642,-1.459374
0.59,0.612699,0.004381,0.564762,0.922423,-0.382687,-0.0300235,-0.0422466,-0.615768,1.576206,-1.467482
0.6,0.612699,0.004381,0.564762,0.922423,-0.382687,-0.0300235,-0.0422466,-0.742383,1.613122,-1.4653
0.6,0.615305,-0.01245,0.560867,0.918037,-0.393947,-0.0286086,-0.0345745,-0.44096,1.552366,-1.594992
0.6,0.615305,-0.01245,0.560867,0.918037,-0.393947,-0.0286086,-0.0345745,-0.166736,1.498346,-1.762314
0.61,0.616861,-0.029474,0.557562,0.913353,-0.405372,-0.0271105,-0.0269418,0.107489,1.444326,-1.929636
0.62,0.616861,-0.029474,0.557562,0.913353,-0.405372,-0.0271105,-0.0269418,0.556403,1.168539,-2.153112
0.62,0.616861,-0.029474,0.557562,0.913353,-0.405372,-0.0271105,-0.0269418,1.005317,0.892752,-2.376588
0.62,0.617563,-0.046351,0.555275,0.908423,-0.416811,-0.0250406,-0.020241,1.085159,0.804972,-2.420712
0.63,0.617563,-0.046351,0.555275,0.908423,-0.416811,-0.0250406,-0.020241,1.299657,0.619849,-2.535988
0.64,0.61731,-0.062932,0.554058,0.903342,-0.428131,-0.0218587,-0.0141106,1.514154,0.434726,-2.651264
0.64,0.61731,-0.062932,0.554058,0.903342,-0.428131,-0.0218587,-0.0141106,1.776034,0.286361,-2.634078
0.64,0.61731,-0.062932,0.554058,0.903342,-0.428131,-0.0218587,-0.0141106,2.037914,0.137996,-2.616892
0.65,0.615846,-0.079097,0.553763,0.89814,-0.439235,-0.0187767,-0.00803217,2.494564,0.135535,-2.580438
0.66,0.615846,-0.079097,0.553763,0.89814,-0.439235,-0.0187767,-0.00803217,2.84659,-0.048606,-2.352818
0.66,0.613344,-0.095063,0.554443,0.892744,-0.450277,-0.0159604,-0.00205919,3.198616,-0.232748,-2.125198
0.66,0.613344,-0.095063,0.554443,0.892744,-0.450277,-0.0159604,-0.00205919,3.535954,-0.22703,-1.827268
0.67,0.613344,-0.095063,0.554443,0.892744,-0.450277,-0.0159604,-0.00205919,3.873292,-0.221313,-1.529338
0.68,0.610419,-0.10984,0.555642,0.887447,-0.460709,-0.0133625,0.00263236,4.108854,-0.342485,-1.210183
0.68,0.610419,-0.10984,0.555642,0.887447,-0.460709,-0.0133625,0.00263236,4.333032,-0.159059,-0.98937
0.68,0.606935,-0.124433,0.557252,0.882001,-0.471074,-0.010764,0.00696897,4.466756,-0.281728,-0.604751
0.69,0.606935,-0.124433,0.557252,0.882001,-0.471074,-0.010764,0.00696897,4.810516,-0.315063,-0.279637
0.7,0.606935,-0.124433,0.557252,0.882001,-0.471074,-0.010764,0.00696897,5.154276,-0.348398,0.045477
0.7,0.603008,-0.138101,0.558945,0.876488,-0.481248,-0.00894962,0.009436,5.315128,-0.497643,0.399114
0.7,0.603008,-0.138101,0.558945,0.876488,-0.481248,-0.00894962,0.009436,5.47598,-0.646889,0.752751
0.71,0.598781,-0.151158,0.560599,0.870888,-0.491305,-0.00782881,0.0105622,5.680234,-0.611225,1.085706
0.72,0.598781,-0.151158,0.560599,0.870888,-0.491305,-0.00782881,0.0105622,5.86416,-0.630476,1.388214
0.72,0.598781,-0.151158,0.560599,0.870888,-0.491305,-0.00782881,0.0105622,6.048086,-0.649727,1.690722
0.72,0.594434,-0.163819,0.562183,0.865284,-0.501104,-0.00676455,0.0114821,6.128664,-0.784039,2.069898
0.73,0.594434,-0.163819,0.562183,0.865284,-0.501104,-0.00676455,0.0114821,6.209242,-0.918351,2.449074
0.74,0.58965,-0.176496,0.563483,0.859516,-0.510921,-0.00588435,0.0125455,6.657904,-0.959207,2.69038
0.74,0.58965,-0.176496,0.563483,0.859516,-0.510921,-0.00588435,0.0125455,7.009082,-1.313857,2.88965
0.74,0.58965,-0.176496,0.563483,0.859516,-0.510921,-0.00588435,0.0125455,7.36026,-1.668506,3.08892
0.75,0.584374,-0.188753,0.564247,0.853754,-0.520459,-0.00553229,0.0139699,7.901436,-2.086772,3.044118
0.76,0.584374,-0.188753,0.564247,0.853754,-0.520459,-0.00553229,0.0139699,8.442612,-2.505038,2.999316
0.76,0.578371,-0.200242,0.564468,0.848149,-0.52948,-0.00580579,0.0161461,8.667848,-2.835332,2.945888
0.76,0.578371,-0.200242,0.564468,0.848149,-0.52948,-0.00580579,0.0161461,8.728642,-2.960328,2.891606
0.77,0.578371,-0.200242,0.564468,0.848149,-0.52948,-0.00580579,0.0161461,8.971222,-3.016552,2.991364
0.78,0.571667,-0.21127,0.564478,0.84263,-0.538103,-0.0062663,0.0194838,9.015062,-3.102122,3.03446
0.78,0.571667,-0.21127,0.564478,0.84263,-0.538103,-0.0062663,0.0194838,9.058902,-3.187692,3.077556
0.78,0.571667,-0.21127,0.564478,0.84263,-0.538103,-0.0062663,0.0194838,9.306298,-3.182512,3.084596
0.79,0.564041,-0.221927,0.564551,0.837205,-0.546295,-0.00658871,0.0246168,9.553694,-3.177332,3.091636
0.8,0.564041,-0.221927,0.564551,0.837205,-0.546295,-0.00658871,0.0246168,9.767424,-3.364956,2.944294
0.8,0.555615,-0.232145,0.564747,0.83171,-0.554356,-0.00697977,0.0299749,10.025532,-3.254594,2.863152
0.8,0.555615,-0.232145,0.564747,0.83171,-0.554356,-0.00697977,0.0299749,10.28364,-3.144232,2.78201
0.81,0.555615,-0.232145,0.564747,0.83171,-0.554356,-0.00697977,0.0299749,10.2028,-3.303038,2.809836
0.82,0.546328,-0.241729,0.565455,0.8261,-0.562403,-0.00744189,0.0347483,10.12196,-3.461844,2.837662
0.82,0.546328,-0.241729,0.565455,0.8261,-0.562403,-0.00744189,0.0347483,10.2765,-3.605036,2.542056
0.82,0.536196,-0.250767,0.566643,0.820369,-0.57043,-0.00780453,0.0392924,10.082602,-3.623904,2.609578
0.83,0.536196,-0.250767,0.566643,0.820369,-0.57043,-0.00780453,0.0392924,9.888704,-3.642772,2.6771
0.84,0.536196,-0.250767,0.566643,0.820369,-0.57043,-0.00780453,0.0392924,9.92215,-3.727204,2.383016
0.84,0.525245,-0.259403,0.568374,0.814302,-0.578833,-0.00812982,0.0424076,9.955596,-3.811636,2.088932
0.84,0.525245,-0.259403,0.568374,0.814302,-0.578833,-0.00812982,0.0424076,9.430024,-3.805744,2.188356
0.85,0.514007,-0.267078,0.570817,0.80829,-0.587073,-0.00806505,0.0441328,9.35155,-4.007578,1.966024
0.86,0.514007,-0.267078,0.570817,0.80829,-0.587073,-0.00806505,0.0441328,9.11728,-3.899386,1.920272
0.86,0.514007,-0.267078,0.570817,0.80829,-0.587073,-0.00806505,0.0441328,8.884702,-3.85962,1.931138
0.86,0.501904,-0.274294,0.574005,0.80201,-0.595568,-0.00754316,0.0449663,8.652124,-3.819854,1.942004
0.87,0.501904,-0.274294,0.574005,0.80201,-0.595568,-0.00754316,0.0449663,8.32508,-3.840182,2.23094
0.88,0.489283,-0.280968,0.577452,0.795641,-0.604035,-0.00677452,0.0452863,7.998036,-3.86051,2.519876
0.88,0.489283,-0.280968,0.577452,0.795641,-0.604035,-0.00677452,0.0452863,7.807764,-4.146118,2.542706
0.88,0.489283,-0.280968,0.577452,0.795641,-0.604035,-0.00677452,0.0452863,7.887934,-4.297946,2.760976
0.89,0.477047,-0.286186,0.580944,0.789884,-0.611553,-0.00580256,0.0452959,7.968104,-4.449774,2.979246
0.9,0.477047,-0.286186,0.580944,0.789884,-0.611553,-0.00580256,0.0452959,7.94483,-4.69183,2.902884
0.9,0.463675,-0.290764,0.58464,0.783979,-0.619136,-0.00469892,0.0450075,7.921556,-4.933886,2.826522
0.9,0.463675,-0.290764,0.58464,0.783979,-0.619136,-0.00469892,0.0450075,7.80766,-5.094574,2.844366
0.91,0.463675,-0.290764,0.58464,0.783979,-0.619136,-0.00469892,0.0450075,7.415258,-5.179812,3.068672
0.92,0.450607,-0.293708,0.588362,0.778828,-0.625653,-0.00333687,0.0444368,7.022856,-5.26505,3.292978
0.92,0.450607,-0.293708,0.588362,0.778828,-0.625653,-0.00333687,0.0444368,6.977744,-5.508382,3.40964
0.92,0.437541,-0.295153,0.591969,0.774402,-0.631151,-0.00184066,0.0441223,6.932632,-5.751714,3.526302
0.93,0.437541,-0.295153,0.591969,0.774402,-0.631151,-0.00184066,0.0441223,7.122858,-6.296118,3.494612
0.94,0.437541,-0.295153,0.591969,0.774402,-0.631151,-0.00184066,0.0441223,7.222412,-6.797586,3.296468
0.94,0.425056,-0.294726,0.595265,0.771136,-0.635133,-0.000350719,0.0442193,7.184874,-6.970642,3.136718
0.94,0.425056,-0.294726,0.595265,0.771136,-0.635133,-0.000350719,0.0442193,7.03662,-6.692746,3.142082
0.95,0.412488,-0.292912,0.597927,0.768564,-0.638222,0.000837582,0.044519,6.888366,-6.41485,3.147446
0.96,0.412488,-0.292912,0.597927,0.768564,-0.638222,0.000837582,0.044519,6.58204,-6.020378,3.42448
0.96,0.412488,-0.292912,0.597927,0.768564,-0.638222,0.000837582,0.044519,6.275714,-5.625906,3.701514
0.96,0.400532,-0.289501,0.600086,0.766784,-0.640429,0.00187371,0.0434778,5.993086,-5.525194,3.97674
0.97,0.400532,-0.289501,0.600086,0.766784,-0.640429,0.00187371,0.0434778,5.889408,-5.538266,4.217074
0.98,0.400532,-0.289501,0.600086,0.766784,-0.640429,0.00187371,0.0434778,5.78573,-5.551338,4.457408
0.98,0.388654,-0.284594,0.601511,0.765662,-0.641885,0.00244111,0.0416979,5.606012,-5.405598,4.601006
0.98,0.388654,-0.284594,0.601511,0.765662,-0.641885,0.00244111,0.0416979,5.426294,-5.259858,4.744604
0.99,0.376996,-0.278562,0.601929,0.765177,-0.642568,0.00251962,0.0400407,5.311344,-5.131676,4.887904
1.0,0.376996,-0.278562,0.601929,0.765177,-0.642568,0.00251962,0.0400407,5.116678,-4.88915,4.80182
1.0,0.376996,-0.278562,0.601929,0.765177,-0.642568,0.00251962,0.0400407,4.922012,-4.646624,4.715736
1.01,0.365705,-0.271506,0.601701,0.765331,-0.642476,0.00263686,0.0385562,4.776216,-4.441442,4.675994
1.01,0.365705,-0.271506,0.601701,0.765331,-0.642476,0.00263686,0.0385562,4.63042,-4.23626,4.636252
1.02,0.354817,-0.26406,0.60065,0.765827,-0.641963,0.0024816,0.0372269,4.6439,-4.154516,4.230236
1.02,0.354817,-0.26406,0.60065,0.765827,-0.641963,0.0024816,0.0372269,4.695,-4.197774,3.977854
1.02,0.354817,-0.26406,0.60065,0.765827,-0.641963,0.0024816,0.0372269,4.530066,-4.224674,3.7101
1.03,0.343927,-0.256082,0.599077,0.766641,-0.641065,0.00253311,0.0359307,4.394754,-4.37618,3.273092
1.03,0.343927,-0.256082,0.599077,0.766641,-0.641065,0.00253311,0.0359307,4.259442,-4.527686,2.836084
1.04,0.333715,-0.247779,0.597198,0.76786,-0.639661,0.00293912,0.0348825,3.783716,-4.585038,2.700202
1.04,0.333715,-0.247779,0.597198,0.76786,-0.639661,0.00293912,0.0348825,3.30799,-4.64239,2.56432
1.05,0.333715,-0.247779,0.597198,0.76786,-0.639661,0.00293912,0.0348825,2.9117,-4.759938,2.331414
1.06,0.324197,-0.238784,0.59497,0.769748,-0.637424,0.00345621,0.0341576,2.457058,-4.864022,2.195922
1.06,0.324197,-0.238784,0.59497,0.769748,-0.637424,0.00345621,0.0341576,2.002416,-4.968106,2.06043
1.06,0.315523,-0.228601,0.592515,0.772733,-0.633818,0.00423061,0.0337873,1.789182,-4.947362,2.016658
1.07,0.315523,-0.228601,0.592515,0.772733,-0.633818,0.00423061,0.0337873,1.575948,-4.926618,1.972886
1.08,0.315523,-0.228601,0.592515,0.772733,-0.633818,0.00423061,0.0337873,1.4823,-4.919372,2.046144
1.08,0.307932,-0.217521,0.589636,0.776806,-0.628812,0.00411597,0.0339282,1.375789,-4.808338,2.174558
1.08,0.307932,-0.217521,0.589636,0.776806,-0.628812,0.00411597,0.0339282,1.269277,-4.697304,2.302972
1.09,0.300748,-0.205197,0.586063,0.781855,-0.62248,0.00206409,0.0348946,1.183903,-4.762316,2.360432
1.1,0.300748,-0.205197,0.586063,0.781855,-0.62248,0.00206409,0.0348946,1.098529,-4.827328,2.417892
1.1,0.300748,-0.205197,0.586063,0.781855,-0.62248,0.00206409,0.0348946,1.107749,-4.694606,2.382052
1.1,0.29416,-0.191891,0.582086,0.787793,-0.614853,-0.00160367,0.0365539,1.218113,-4.617616,2.285292
1.11,0.29416,-0.191891,0.582086,0.787793,-0.614853,-0.00160367,0.0365539,1.241414,-4.657982,2.134724
1.12,0.288452,-0.178168,0.578141,0.794386,-0.606183,-0.00510947,0.0383015,1.31479,-4.515928,1.879904
1.12,0.288452,-0.178168,0.578141,0.794386,-0.606183,-0.00510947,0.0383015,1.388166,-4.373874,1.625084
1.12,0.288452,-0.178168,0.578141,0.794386,-0.606183,-0.00510947,0.0383015,1.473288,-4.350712,1.306253
1.13,0.283385,-0.163586,0.574134,0.801973,-0.595881,-0.0081781,0.0412113,1.55841,-4.32755,0.987422
1.14,0.283385,-0.163586,0.574134,0.801973,-0.595881,-0.0081781,0.0412113,1.679252,-4.023624,0.89219
1.14,0.278639,-0.149012,0.570617,0.809907,-0.584774,-0.0102623,0.0445595,1.530085,-3.90682,0.919362
1.14,0.278639,-0.149012,0.570617,0.809907,-0.584774,-0.0102623,0.0445595,1.380918,-3.790016,0.946534
1.15,0.278639,-0.149012,0.570617,0.809907,-0.584774,-0.0102623,0.0445595,1.187148,-3.271636,1.020508
1.16,0.274791,-0.134648,0.567772,0.818155,-0.572948,-0.00940157,0.0475929,0.993378,-2.753256,1.094482
1.16,0.274791,-0.134648,0.567772,0.818155,-0.572948,-0.00940157,0.0475929,0.739873,-2.350738,1.187204
1.16,0.271137,-0.120389,0.565152,0.826501,-0.560697,-0.00774835,0.0495473,0.652355,-2.014728,1.185202
1.17,0.271137,-0.120389,0.565152,0.826501,-0.560697,-0.00774835,0.0495473,0.564837,-1.678718,1.1832
1.18,0.271137,-0.120389,0.565152,0.826501,-0.560697,-0.00774835,0.0495473,0.659463,-1.820638,1.176239
1.18,0.267839,-0.106041,0.562655,0.834839,-0.548252,-0.00597023,0.0492802,0.754089,-1.962558,1.169277
1.18,0.267839,-0.106041,0.562655,0.834839,-0.548252,-0.00597023,0.0492802,0.729211,-2.185818,1.106565
1.19,0.267839,-0.106041,0.562655,0.834839,-0.548252,-0.00597023,0.0492802,0.725501,-2.27446,1.128519
1.2,0.265013,-0.091794,0.560245,0.843135,-0.535746,-0.0036957,0.0456602,0.479998,-2.041846,1.123459
1.2,0.265013,-0.091794,0.560245,0.843135,-0.535746,-0.0036957,0.0456602,0.200774,-1.872126,1.281185
1.2,0.262524,-0.0778,0.557525,0.851054,-0.523665,-0.00287692,0.038392,-0.078451,-1.702406,1.438912
1.21,0.262524,-0.0778,0.557525,0.851054,-0.523665,-0.00287692,0.038392,-0.052008,-1.410821,1.361924
1.22,0.262524,-0.0778,0.557525,0.851054,-0.523665,-0.00287692,0.038392,-0.025565,-1.119237,1.284936
1.22,0.260038,-0.063692,0.554416,0.858762,-0.511586,-0.00393824,0.0281396,0.016332,-1.218131,1.296762
1.23,0.260038,-0.063692,0.554416,0.858762,-0.511586,-0.00393824,0.0281396,0.006439,-1.255103,1.194324
1.23,0.257577,-0.050112,0.551154,0.865942,-0.499823,-0.00687699,0.0165761,-0.003455,-1.292075,1.091886
1.24,0.257577,-0.050112,0.551154,0.865942,-0.499823,-0.00687699,0.0165761,-0.237645,-1.254213,1.080535
1.24,0.257577,-0.050112,0.551154,0.865942,-0.499823,-0.00687699,0.0165761,-0.471835,-1.21635,1.069184
1.25,0.254807,-0.036993,0.547703,0.872772,-0.487954,-0.0116513,0.00593936,-0.400034,-1.087131,0.994141
1.25,0.254807,-0.036993,0.547703,0.872772,-0.487954,-0.0116513,0.00593936,-0.620704,-0.799242,0.860552
1.26,0.252254,-0.025354,0.544491,0.879026,-0.47651,-0.0157516,-0.00187405,-0.841375,-0.511352,0.726963
1.26,0.252254,-0.025354,0.544491,0.879026,-0.47651,-0.0157516,-0.00187405,-1.090107,-0.362369,0.603247
1.27,0.252254,-0.025354,0.544491,0.879026,-0.47651,-0.0157516,-0.00187405,-1.33884,-0.213386,0.479531
1.27,0.250241,-0.015075,0.541861,0.884854,-0.46549,-0.0172667,-0.00733737,-1.525392,-0.215396,0.405972
1.28,0.250241,-0.015075,0.541861,0.884854,-0.46549,-0.0172667,-0.00733737,-1.56083,-0.320256,0.45327
1.28,0.248436,-0.006131,0.539592,0.890301,-0.454915,-0.0179705,-0.00969246,-1.426626,-0.38995,0.410695
1.28,0.248436,-0.006131,0.539592,0.890301,-0.454915,-0.0179705,-0.00969246,-1.126088,-0.329899,0.45612
1.29,0.248436,-0.006131,0.539592,0.890301,-0.454915,-0.0179705,-0.00969246,-0.825549,-0.269849,0.501545
1.3,0.246792,0.001338,0.537755,0.89518,-0.445252,-0.0177902,-0.00935672,-0.628117,-0.159999,0.549479
1.3,0.246792,0.001338,0.537755,0.89518,-0.445252,-0.0177902,-0.00935672,-0.430685,-0.050148,0.597414
1.3,0.245319,0.007392,0.536047,0.899468,-0.436581,-0.0173315,-0.00737514,-0.770025,0.232052,0.612506
1.31,0.245319,0.007392,0.536047,0.899468,-0.436581,-0.0173315,-0.00737514,-1.317211,0.436574,0.457423
1.32,0.245319,0.007392,0.536047,0.899468,-0.436581,-0.0173315,-0.00737514,-1.864398,0.641095,0.302341
1.32,0.244328,0.012353,0.534227,0.903147,-0.428943,-0.017562,-0.00498335,-2.55518,0.95641,-0.037527
