time,x,y,z,qx,qy,qz,qw
0.0,0.214889,-0.0121449,0.551114,0.917453,-0.397311,-0.0102015,-0.0179187
0.0,0.214889,-0.0121449,0.551114,0.917453,-0.397311,-0.0102015,-0.0179187
0.01,0.214889,-0.0121449,0.551114,0.917453,-0.397311,-0.0102015,-0.0179187
0.02,0.214889,-0.0121449,0.551114,0.917453,-0.397311,-0.0102015,-0.0179187
0.02,0.214889,-0.0121449,0.551114,0.917453,-0.397311,-0.0102015,-0.0179187
0.02,0.214889,-0.0121449,0.551114,0.917453,-0.397311,-0.0102015,-0.0179187
0.03,0.214889,-0.0121449,0.551114,0.917453,-0.397311,-0.0102015,-0.0179187
0.04,0.214889,-0.0121449,0.551114,0.917453,-0.397311,-0.0102015,-0.0179187
0.04,0.214889,-0.0121456,0.551115,0.917452,-0.397311,-0.0102017,-0.0179188
0.04,0.214889,-0.0121456,0.551115,0.917452,-0.397311,-0.0102017,-0.0179188
0.05,0.214889,-0.0121456,0.551115,0.917452,-0.397311,-0.0102017,-0.0179188
0.06,0.214889,-0.0121456,0.551115,0.917452,-0.397311,-0.0102017,-0.0179188
0.06,0.214889,-0.0121456,0.551115,0.917452,-0.397311,-0.0102017,-0.0179188
0.06,0.214889,-0.0121456,0.551115,0.917452,-0.397311,-0.0102017,-0.0179188
0.07,0.214889,-0.0121456,0.551115,0.917452,-0.397311,-0.0102017,-0.0179188
0.08,0.214889,-0.0121456,0.551115,0.917452,-0.397311,-0.0102017,-0.0179188
0.08,0.214889,-0.0121456,0.551115,0.917452,-0.397311,-0.0102017,-0.0179188
0.08,0.214889,-0.0121456,0.551115,0.917452,-0.397311,-0.0102017,-0.0179188
0.09,0.214888,-0.0121468,0.551115,0.917453,-0.397308,-0.0102032,-0.0179235
0.1,0.214888,-0.0121468,0.551115,0.917453,-0.397308,-0.0102032,-0.0179235
0.1,0.214888,-0.0121468,0.551115,0.917453,-0.397308,-0.0102032,-0.0179235
0.1,0.214888,-0.0121468,0.551115,0.917453,-0.397308,-0.0102032,-0.0179235
0.11,0.214888,-0.0121468,0.551115,0.917453,-0.397308,-0.0102032,-0.0179235
0.12,0.214888,-0.0121468,0.551115,0.917453,-0.397308,-0.0102032,-0.0179235
0.12,0.214888,-0.0121468,0.551115,0.917453,-0.397308,-0.0102032,-0.0179235
0.12,0.214888,-0.0121468,0.551115,0.917453,-0.397308,-0.0102032,-0.0179235
0.13,0.214888,-0.0121468,0.551115,0.917453,-0.397308,-0.0102032,-0.0179235
0.14,0.214888,-0.0121468,0.551115,0.917453,-0.397308,-0.0102032,-0.0179235
0.14,0.214889,-0.0121479,0.551115,0.917452,-0.397312,-0.0102019,-0.0179205
0.14,0.214889,-0.0121479,0.551115,0.917452,-0.397312,-0.0102019,-0.0179205
0.15,0.214889,-0.0121479,0.551115,0.917452,-0.397312,-0.0102019,-0.0179205
0.16,0.214889,-0.0121479,0.551115,0.917452,-0.397312,-0.0102019,-0.0179205
0.16,0.214889,-0.0121479,0.551115,0.917452,-0.397312,-0.0102019,-0.0179205
0.16,0.214889,-0.0121479,0.551115,0.917452,-0.397312,-0.0102019,-0.0179205
0.17,0.214889,-0.0121479,0.551115,0.917452,-0.397312,-0.0102019,-0.0179205
0.18,0.214889,-0.0121479,0.551115,0.917452,-0.397312,-0.0102019,-0.0179205
0.18,0.214889,-0.0121479,0.551115,0.917452,-0.397312,-0.0102019,-0.0179205
0.18,0.214889,-0.0121479,0.551115,0.917452,-0.397312,-0.0102019,-0.0179205
0.19,0.214889,-0.0121469,0.551115,0.917451,-0.397313,-0.0102004,-0.0179204
0.2,0.214889,-0.0121469,0.551115,0.917451,-0.397313,-0.0102004,-0.0179204
0.2,0.214889,-0.0121469,0.551115,0.917451,-0.397313,-0.0102004,-0.0179204
0.2,0.214889,-0.0121469,0.551115,0.917451,-0.397313,-0.0102004,-0.0179204
0.21,0.214889,-0.0121469,0.551115,0.917451,-0.397313,-0.0102004,-0.0179204
0.22,0.214889,-0.0121469,0.551115,0.917451,-0.397313,-0.0102004,-0.0179204
0.22,0.214889,-0.0121469,0.551115,0.917451,-0.397313,-0.0102004,-0.0179204
0.22,0.214889,-0.0121469,0.551115,0.917451,-0.397313,-0.0102004,-0.0179204
0.23,0.214889,-0.0121469,0.551115,0.917451,-0.397313,-0.0102004,-0.0179204
0.24,0.214889,-0.0121469,0.551115,0.917451,-0.397313,-0.0102004,-0.0179204
0.24,0.214888,-0.0121473,0.551117,0.917452,-0.397312,-0.0101972,-0.0179217
0.24,0.214888,-0.0121473,0.551117,0.917452,-0.397312,-0.0101972,-0.0179217
0.25,0.214888,-0.0121473,0.551117,0.917452,-0.397312,-0.0101972,-0.0179217
0.26,0.214888,-0.0121473,0.551117,0.917452,-0.397312,-0.0101972,-0.0179217
0.26,0.214888,-0.0121473,0.551117,0.917452,-0.397312,-0.0101972,-0.0179217
0.26,0.214888,-0.0121473,0.551117,0.917452,-0.397312,-0.0101972,-0.0179217
0.27,0.214888,-0.0121473,0.551117,0.917452,-0.397312,-0.0101972,-0.0179217
0.28,0.214888,-0.0121473,0.551117,0.917452,-0.397312,-0.0101972,-0.0179217
0.28,0.214888,-0.0121473,0.551117,0.917452,-0.397312,-0.0101972,-0.0179217
0.29,0.214888,-0.0121473,0.551117,0.917452,-0.397312,-0.0101972,-0.0179217
0.29,0.214888,-0.0121451,0.551117,0.917453,-0.397309,-0.0102,-0.0179194
0.3,0.214888,-0.0121451,0.551117,0.917453,-0.397309,-0.0102,-0.0179194
0.3,0.214888,-0.0121451,0.551117,0.917453,-0.397309,-0.0102,-0.0179194
0.3,0.214888,-0.0121451,0.551117,0.917453,-0.397309,-0.0102,-0.0179194
0.31,0.214888,-0.0121451,0.551117,0.917453,-0.397309,-0.0102,-0.0179194
0.32,0.214888,-0.0121451,0.551117,0.917453,-0.397309,-0.0102,-0.0179194
0.32,0.214888,-0.0121451,0.551117,0.917453,-0.397309,-0.0102,-0.0179194
0.32,0.214888,-0.0121451,0.551117,0.917453,-0.397309,-0.0102,-0.0179194
0.33,0.214888,-0.0121451,0.551117,0.917453,-0.397309,-0.0102,-0.0179194
0.34,0.214888,-0.0121451,0.551117,0.917453,-0.397309,-0.0102,-0.0179194
0.34,0.214888,-0.0121451,0.551117,0.917453,-0.397309,-0.0102,-0.0179194
0.34,0.214888,-0.0121478,0.551118,0.917452,-0.397311,-0.0101996,-0.0179221
0.35,0.214888,-0.0121478,0.551118,0.917452,-0.397311,-0.0101996,-0.0179221
0.36,0.214888,-0.0121478,0.551118,0.917452,-0.397311,-0.0101996,-0.0179221
0.36,0.214888,-0.0121478,0.551118,0.917452,-0.397311,-0.0101996,-0.0179221
0.36,0.214888,-0.0121478,0.551118,0.917452,-0.397311,-0.0101996,-0.0179221
0.37,0.214888,-0.0121478,0.551118,0.917452,-0.397311,-0.0101996,-0.0179221
0.38,0.214888,-0.0121478,0.551118,0.917452,-0.397311,-0.0101996,-0.0179221
0.38,0.214888,-0.0121478,0.551118,0.917452,-0.397311,-0.0101996,-0.0179221
0.38,0.214888,-0.0121478,0.551118,0.917452,-0.397311,-0.0101996,-0.0179221
0.39,0.214888,-0.0121478,0.551118,0.917452,-0.397311,-0.0101996,-0.0179221
0.4,0.214888,-0.0121455,0.551116,0.917453,-0.397308,-0.0102008,-0.0179196
0.4,0.214888,-0.0121455,0.551116,0.917453,-0.397308,-0.0102008,-0.0179196
0.4,0.214888,-0.0121455,0.551116,0.917453,-0.397308,-0.0102008,-0.0179196
0.41,0.214888,-0.0121455,0.551116,0.917453,-0.397308,-0.0102008,-0.0179196
0.42,0.214888,-0.0121455,0.551116,0.917453,-0.397308,-0.0102008,-0.0179196
0.42,0.214888,-0.0121455,0.551116,0.917453,-0.397308,-0.0102008,-0.0179196
0.42,0.214888,-0.0121455,0.551116,0.917453,-0.397308,-0.0102008,-0.0179196
0.43,0.214888,-0.0121455,0.551116,0.917453,-0.397308,-0.0102008,-0.0179196
0.44,0.214888,-0.0121455,0.551116,0.917453,-0.397308,-0.0102008,-0.0179196
0.44,0.214888,-0.0121455,0.551116,0.917453,-0.397308,-0.0102008,-0.0179196
0.44,0.214888,-0.0121463,0.551116,0.917451,-0.397314,-0.0101998,-0.017919
0.45,0.214888,-0.0121463,0.551116,0.917451,-0.397314,-0.0101998,-0.017919
0.46,0.214888,-0.0121463,0.551116,0.917451,-0.397314,-0.0101998,-0.017919
0.46,0.214888,-0.0121463,0.551116,0.917451,-0.397314,-0.0101998,-0.017919
0.46,0.214888,-0.0121463,0.551116,0.917451,-0.397314,-0.0101998,-0.017919
0.47,0.214888,-0.0121463,0.551116,0.917451,-0.397314,-0.0101998,-0.017919
0.48,0.214888,-0.0121463,0.551116,0.917451,-0.397314,-0.0101998,-0.017919
0.48,0.214888,-0.0121463,0.551116,0.917451,-0.397314,-0.0101998,-0.017919
0.48,0.214888,-0.0121463,0.551116,0.917451,-0.397314,-0.0101998,-0.017919
0.49,0.214888,-0.0121463,0.551116,0.917451,-0.397314,-0.0101998,-0.017919
0.5,0.214888,-0.0121463,0.551116,0.917452,-0.397312,-0.0102011,-0.0179201
0.5,0.214888,-0.0121463,0.551116,0.917452,-0.397312,-0.0102011,-0.0179201
0.5,0.214888,-0.0121463,0.551116,0.917452,-0.397312,-0.0102011,-0.0179201
0.51,0.214888,-0.0121463,0.551116,0.917452,-0.397312,-0.0102011,-0.0179201
0.52,0.214888,-0.0121463,0.551116,0.917452,-0.397312,-0.0102011,-0.0179201
0.52,0.214888,-0.0121463,0.551116,0.917452,-0.397312,-0.0102011,-0.0179201
0.52,0.214888,-0.0121463,0.551116,0.917452,-0.397312,-0.0102011,-0.0179201
0.53,0.214888,-0.0121463,0.551116,0.917452,-0.397312,-0.0102011,-0.0179201
0.54,0.214888,-0.0121463,0.551116,0.917452,-0.397312,-0.0102011,-0.0179201
0.54,0.214888,-0.0121463,0.551116,0.917452,-0.397312,-0.0102011,-0.0179201
0.55,0.214889,-0.0121475,0.551117,0.917454,-0.397307,-0.0102027,-0.0179213
0.55,0.214889,-0.0121475,0.551117,0.917454,-0.397307,-0.0102027,-0.0179213
0.56,0.214889,-0.0121475,0.551117,0.917454,-0.397307,-0.0102027,-0.0179213
0.56,0.214889,-0.0121475,0.551117,0.917454,-0.397307,-0.0102027,-0.0179213
0.57,0.214889,-0.0121475,0.551117,0.917454,-0.397307,-0.0102027,-0.0179213
0.57,0.214889,-0.0121475,0.551117,0.917454,-0.397307,-0.0102027,-0.0179213
0.58,0.214889,-0.0121475,0.551117,0.917454,-0.397307,-0.0102027,-0.0179213
0.58,0.214889,-0.0121475,0.551117,0.917454,-0.397307,-0.0102027,-0.0179213
0.58,0.214889,-0.0121475,0.551117,0.917454,-0.397307,-0.0102027,-0.0179213
0.59,0.214889,-0.0121475,0.551117,0.917454,-0.397307,-0.0102027,-0.0179213
0.6,0.214889,-0.0121456,0.551117,0.917452,-0.397312,-0.0102005,-0.0179191
0.6,0.214889,-0.0121456,0.551117,0.917452,-0.397312,-0.0102005,-0.0179191
0.6,0.214889,-0.0121456,0.551117,0.917452,-0.397312,-0.0102005,-0.0179191
0.61,0.214889,-0.0121456,0.551117,0.917452,-0.397312,-0.0102005,-0.0179191
0.62,0.214889,-0.0121456,0.551117,0.917452,-0.397312,-0.0102005,-0.0179191
0.62,0.214889,-0.0121456,0.551117,0.917452,-0.397312,-0.0102005,-0.0179191
0.62,0.214889,-0.0121456,0.551117,0.917452,-0.397312,-0.0102005,-0.0179191
0.63,0.214889,-0.0121456,0.551117,0.917452,-0.397312,-0.0102005,-0.0179191
0.64,0.214889,-0.0121456,0.551117,0.917452,-0.397312,-0.0102005,-0.0179191
0.64,0.214889,-0.0121456,0.551117,0.917452,-0.397312,-0.0102005,-0.0179191
0.64,0.214888,-0.0121458,0.551117,0.917453,-0.397309,-0.0102002,-0.0179199
0.65,0.214888,-0.0121458,0.551117,0.917453,-0.397309,-0.0102002,-0.0179199
0.66,0.214888,-0.0121458,0.551117,0.917453,-0.397309,-0.0102002,-0.0179199
0.66,0.214888,-0.0121458,0.551117,0.917453,-0.397309,-0.0102002,-0.0179199
0.66,0.214888,-0.0121458,0.551117,0.917453,-0.397309,-0.0102002,-0.0179199
0.67,0.214888,-0.0121458,0.551117,0.917453,-0.397309,-0.0102002,-0.0179199
0.68,0.214888,-0.0121458,0.551117,0.917453,-0.397309,-0.0102002,-0.0179199
0.68,0.214888,-0.0121458,0.551117,0.917453,-0.397309,-0.0102002,-0.0179199
0.68,0.214888,-0.0121458,0.551117,0.917453,-0.397309,-0.0102002,-0.0179199
0.69,0.214888,-0.0121458,0.551117,0.917453,-0.397309,-0.0102002,-0.0179199
0.7,0.214889,-0.0121463,0.551116,0.917453,-0.39731,-0.0102012,-0.0179188
0.7,0.214889,-0.0121463,0.551116,0.917453,-0.39731,-0.0102012,-0.0179188
0.7,0.214889,-0.0121463,0.551116,0.917453,-0.39731,-0.0102012,-0.0179188
0.71,0.214889,-0.0121463,0.551116,0.917453,-0.39731,-0.0102012,-0.0179188
0.72,0.214889,-0.0121463,0.551116,0.917453,-0.39731,-0.0102012,-0.0179188
0.72,0.214889,-0.0121463,0.551116,0.917453,-0.39731,-0.0102012,-0.0179188
0.72,0.214889,-0.0121463,0.551116,0.917453,-0.39731,-0.0102012,-0.0179188
0.73,0.214889,-0.0121463,0.551116,0.917453,-0.39731,-0.0102012,-0.0179188
0.74,0.214889,-0.0121463,0.551116,0.917453,-0.39731,-0.0102012,-0.0179188
0.74,0.214889,-0.0121463,0.551116,0.917453,-0.39731,-0.0102012,-0.0179188
0.74,0.214889,-0.0121457,0.551116,0.917454,-0.397308,-0.0102023,-0.0179197
0.75,0.214889,-0.0121457,0.551116,0.917454,-0.397308,-0.0102023,-0.0179197
0.76,0.214889,-0.0121457,0.551116,0.917454,-0.397308,-0.0102023,-0.0179197
0.76,0.214889,-0.0121457,0.551116,0.917454,-0.397308,-0.0102023,-0.0179197
0.76,0.214889,-0.0121457,0.551116,0.917454,-0.397308,-0.0102023,-0.0179197
0.77,0.214889,-0.0121457,0.551116,0.917454,-0.397308,-0.0102023,-0.0179197
0.78,0.214889,-0.0121457,0.551116,0.917454,-0.397308,-0.0102023,-0.0179197
0.78,0.214889,-0.0121457,0.551116,0.917454,-0.397308,-0.0102023,-0.0179197
0.78,0.214889,-0.0121457,0.551116,0.917454,-0.397308,-0.0102023,-0.0179197
0.79,0.214889,-0.0121457,0.551116,0.917454,-0.397308,-0.0102023,-0.0179197
0.8,0.214889,-0.0121462,0.551115,0.917452,-0.397311,-0.0102025,-0.0179177
0.8,0.214889,-0.0121462,0.551115,0.917452,-0.397311,-0.0102025,-0.0179177
0.8,0.214889,-0.0121462,0.551115,0.917452,-0.397311,-0.0102025,-0.0179177
0.81,0.214889,-0.0121462,0.551115,0.917452,-0.397311,-0.0102025,-0.0179177
0.82,0.214889,-0.0121462,0.551115,0.917452,-0.397311,-0.0102025,-0.0179177
0.82,0.214889,-0.0121462,0.551115,0.917452,-0.397311,-0.0102025,-0.0179177
0.82,0.214889,-0.0121462,0.551115,0.917452,-0.397311,-0.0102025,-0.0179177
0.83,0.214889,-0.0121462,0.551115,0.917452,-0.397311,-0.0102025,-0.0179177
0.84,0.214889,-0.0121462,0.551115,0.917452,-0.397311,-0.0102025,-0.0179177
0.84,0.214889,-0.0121462,0.551115,0.917452,-0.397311,-0.0102025,-0.0179177
0.84,0.214889,-0.0121462,0.551115,0.917452,-0.397311,-0.0102025,-0.0179177
0.85,0.21489,-0.0121475,0.551117,0.917453,-0.39731,-0.0102013,-0.0179201
0.86,0.21489,-0.0121475,0.551117,0.917453,-0.39731,-0.0102013,-0.0179201
0.86,0.21489,-0.0121475,0.551117,0.917453,-0.39731,-0.0102013,-0.0179201
0.86,0.21489,-0.0121475,0.551117,0.917453,-0.39731,-0.0102013,-0.0179201
0.87,0.21489,-0.0121475,0.551117,0.917453,-0.39731,-0.0102013,-0.0179201
0.88,0.21489,-0.0121475,0.551117,0.917453,-0.39731,-0.0102013,-0.0179201
0.88,0.21489,-0.0121475,0.551117,0.917453,-0.39731,-0.0102013,-0.0179201
0.88,0.21489,-0.0121475,0.551117,0.917453,-0.39731,-0.0102013,-0.0179201
0.89,0.21489,-0.0121475,0.551117,0.917453,-0.39731,-0.0102013,-0.0179201
0.9,0.21489,-0.0121475,0.551117,0.917453,-0.39731,-0.0102013,-0.0179201
0.9,0.214889,-0.0121477,0.551115,0.917451,-0.397313,-0.0102034,-0.0179206
0.9,0.214889,-0.0121477,0.551115,0.917451,-0.397313,-0.0102034,-0.0179206
0.91,0.214889,-0.0121477,0.551115,0.917451,-0.397313,-0.0102034,-0.0179206
0.92,0.214889,-0.0121477,0.551115,0.917451,-0.397313,-0.0102034,-0.0179206
0.92,0.214889,-0.0121477,0.551115,0.917451,-0.397313,-0.0102034,-0.0179206
0.92,0.214889,-0.0121477,0.551115,0.917451,-0.397313,-0.0102034,-0.0179206
0.93,0.214889,-0.0121477,0.551115,0.917451,-0.397313,-0.0102034,-0.0179206
0.94,0.214889,-0.0121477,0.551115,0.917451,-0.397313,-0.0102034,-0.0179206
0.94,0.214889,-0.0121477,0.551115,0.917451,-0.397313,-0.0102034,-0.0179206
0.94,0.214889,-0.0121477,0.551115,0.917451,-0.397313,-0.0102034,-0.0179206
0.95,0.21489,-0.0121478,0.551117,0.917452,-0.397312,-0.0102024,-0.017921
0.96,0.21489,-0.0121478,0.551117,0.917452,-0.397312,-0.0102024,-0.017921
0.96,0.21489,-0.0121478,0.551117,0.917452,-0.397312,-0.0102024,-0.017921
0.96,0.21489,-0.0121478,0.551117,0.917452,-0.397312,-0.0102024,-0.017921
0.97,0.21489,-0.0121478,0.551117,0.917452,-0.397312,-0.0102024,-0.017921
0.98,0.21489,-0.0121478,0.551117,0.917452,-0.397312,-0.0102024,-0.017921
0.98,0.21489,-0.0121478,0.551117,0.917452,-0.397312,-0.0102024,-0.017921
0.98,0.21489,-0.0121478,0.551117,0.917452,-0.397312,-0.0102024,-0.017921
0.99,0.21489,-0.0121478,0.551117,0.917452,-0.397312,-0.0102024,-0.017921
1.0,0.21489,-0.0121478,0.551117,0.917452,-0.397312,-0.0102024,-0.017921
1.0,0.214888,-0.0121473,0.551116,0.917453,-0.397309,-0.0102009,-0.01792
1.01,0.214888,-0.0121473,0.551116,0.917453,-0.397309,-0.0102009,-0.01792
1.01,0.214888,-0.0121473,0.551116,0.917453,-0.397309,-0.0102009,-0.01792
1.02,0.214888,-0.0121473,0.551116,0.917453,-0.397309,-0.0102009,-0.01792
1.02,0.214888,-0.0121473,0.551116,0.917453,-0.397309,-0.0102009,-0.01792
1.02,0.214888,-0.0121473,0.551116,0.917453,-0.397309,-0.0102009,-0.01792
1.03,0.214888,-0.0121473,0.551116,0.917453,-0.397309,-0.0102009,-0.01792
1.03,0.214888,-0.0121473,0.551116,0.917453,-0.397309,-0.0102009,-0.01792
1.04,0.214888,-0.0121473,0.551116,0.917453,-0.397309,-0.0102009,-0.01792
1.04,0.214888,-0.0121473,0.551116,0.917453,-0.397309,-0.0102009,-0.01792
1.05,0.214889,-0.0121479,0.551119,0.917452,-0.397311,-0.0101997,-0.0179215
1.06,0.214889,-0.0121479,0.551119,0.917452,-0.397311,-0.0101997,-0.0179215
1.06,0.214889,-0.0121479,0.551119,0.917452,-0.397311,-0.0101997,-0.0179215
1.06,0.214889,-0.0121479,0.551119,0.917452,-0.397311,-0.0101997,-0.0179215
1.07,0.214889,-0.0121479,0.551119,0.917452,-0.397311,-0.0101997,-0.0179215
1.08,0.214889,-0.0121479,0.551119,0.917452,-0.397311,-0.0101997,-0.0179215
1.08,0.214889,-0.0121479,0.551119,0.917452,-0.397311,-0.0101997,-0.0179215
1.08,0.214889,-0.0121479,0.551119,0.917452,-0.397311,-0.0101997,-0.0179215
1.09,0.214889,-0.0121479,0.551119,0.917452,-0.397311,-0.0101997,-0.0179215
1.1,0.214889,-0.0121479,0.551119,0.917452,-0.397311,-0.0101997,-0.0179215
1.1,0.214887,-0.0121479,0.551118,0.917453,-0.397309,-0.0102003,-0.017923
1.1,0.214887,-0.0121479,0.551118,0.917453,-0.397309,-0.0102003,-0.017923
1.11,0.214887,-0.0121479,0.551118,0.917453,-0.397309,-0.0102003,-0.017923
1.12,0.214887,-0.0121479,0.551118,0.917453,-0.397309,-0.0102003,-0.017923
1.12,0.214887,-0.0121479,0.551118,0.917453,-0.397309,-0.0102003,-0.017923
1.12,0.214887,-0.0121479,0.551118,0.917453,-0.397309,-0.0102003,-0.017923
1.13,0.214887,-0.0121479,0.551118,0.917453,-0.397309,-0.0102003,-0.017923
1.14,0.214887,-0.0121479,0.551118,0.917453,-0.397309,-0.0102003,-0.017923
1.14,0.214887,-0.0121479,0.551118,0.917453,-0.397309,-0.0102003,-0.017923
1.14,0.214887,-0.0121479,0.551118,0.917453,-0.397309,-0.0102003,-0.017923
1.15,0.214888,-0.0121468,0.551119,0.917453,-0.397309,-0.0101978,-0.0179201
1.16,0.214888,-0.0121468,0.551119,0.917453,-0.397309,-0.0101978,-0.0179201
1.16,0.214888,-0.0121468,0.551119,0.917453,-0.397309,-0.0101978,-0.0179201
1.16,0.214888,-0.0121468,0.551119,0.917453,-0.397309,-0.0101978,-0.0179201
1.17,0.214888,-0.0121468,0.551119,0.917453,-0.397309,-0.0101978,-0.0179201
1.18,0.214888,-0.0121468,0.551119,0.917453,-0.397309,-0.0101978,-0.0179201
1.18,0.214888,-0.0121468,0.551119,0.917453,-0.397309,-0.0101978,-0.0179201
1.18,0.214888,-0.0121468,0.551119,0.917453,-0.397309,-0.0101978,-0.0179201
1.19,0.214888,-0.0121468,0.551119,0.917453,-0.397309,-0.0101978,-0.0179201
1.2,0.214888,-0.0121468,0.551119,0.917453,-0.397309,-0.0101978,-0.0179201
1.2,0.214888,-0.0121459,0.55112,0.917451,-0.397313,-0.0101965,-0.0179204
1.2,0.214888,-0.0121459,0.55112,0.917451,-0.397313,-0.0101965,-0.0179204
1.21,0.214888,-0.0121459,0.55112,0.917451,-0.397313,-0.0101965,-0.0179204
1.22,0.214888,-0.0121459,0.55112,0.917451,-0.397313,-0.0101965,-0.0179204
1.22,0.214888,-0.0121459,0.55112,0.917451,-0.397313,-0.0101965,-0.0179204
1.23,0.214888,-0.0121459,0.55112,0.917451,-0.397313,-0.0101965,-0.0179204
1.23,0.214888,-0.0121459,0.55112,0.917451,-0.397313,-0.0101965,-0.0179204
1.24,0.214888,-0.0121459,0.55112,0.917451,-0.397313,-0.0101965,-0.0179204
1.24,0.214888,-0.0121459,0.55112,0.917451,-0.397313,-0.0101965,-0.0179204
1.25,0.214888,-0.0121459,0.55112,0.917451,-0.397313,-0.0101965,-0.0179204
1.25,0.21489,-0.0121506,0.551116,0.91745,-0.397316,-0.0102063,-0.0179248
1.26,0.21489,-0.0121506,0.551116,0.91745,-0.397316,-0.0102063,-0.0179248
1.26,0.21489,-0.0121506,0.551116,0.91745,-0.397316,-0.0102063,-0.0179248
1.27,0.21489,-0.0121506,0.551116,0.91745,-0.397316,-0.0102063,-0.0179248
1.27,0.21489,-0.0121506,0.551116,0.91745,-0.397316,-0.0102063,-0.0179248
1.28,0.21489,-0.0121506,0.551116,0.91745,-0.397316,-0.0102063,-0.0179248
1.28,0.21489,-0.0121506,0.551116,0.91745,-0.397316,-0.0102063,-0.0179248
1.28,0.21489,-0.0121506,0.551116,0.91745,-0.397316,-0.0102063,-0.0179248
1.29,0.21489,-0.0121506,0.551116,0.91745,-0.397316,-0.0102063,-0.0179248
1.3,0.21489,-0.0121506,0.551116,0.91745,-0.397316,-0.0102063,-0.0179248
1.3,0.214887,-0.0121474,0.55112,0.917454,-0.397308,-0.0101987,-0.0179235
1.3,0.214887,-0.0121474,0.55112,0.917454,-0.397308,-0.0101987,-0.0179235
1.31,0.214887,-0.0121474,0.55112,0.917454,-0.397308,-0.0101987,-0.0179235
1.32,0.214887,-0.0121474,0.55112,0.917454,-0.397308,-0.0101987,-0.0179235
1.32,0.214887,-0.0121474,0.55112,0.917454,-0.397308,-0.0101987,-0.0179235
1.32,0.214887,-0.0121474,0.55112,0.917454,-0.397308,-0.0101987,-0.0179235
1.33,0.214887,-0.0121474,0.55112,0.917454,-0.397308,-0.0101987,-0.0179235
1.34,0.214887,-0.0121474,0.55112,0.917454,-0.397308,-0.0101987,-0.0179235
1.34,0.214887,-0.0121474,0.55112,0.917454,-0.397308,-0.0101987,-0.0179235
1.34,0.214887,-0.0121474,0.55112,0.917454,-0.397308,-0.0101987,-0.0179235
1.35,0.214888,-0.0121489,0.551118,0.917451,-0.397315,-0.0102035,-0.0179215
1.36,0.214888,-0.0121489,0.551118,0.917451,-0.397315,-0.0102035,-0.0179215
1.36,0.214888,-0.0121489,0.551118,0.917451,-0.397315,-0.0102035,-0.0179215
1.36,0.214888,-0.0121489,0.551118,0.917451,-0.397315,-0.0102035,-0.0179215
1.37,0.214888,-0.0121489,0.551118,0.917451,-0.397315,-0.0102035,-0.0179215
1.38,0.214888,-0.0121489,0.551118,0.917451,-0.397315,-0.0102035,-0.0179215
1.38,0.214888,-0.0121489,0.551118,0.917451,-0.397315,-0.0102035,-0.0179215
1.38,0.214888,-0.0121489,0.551118,0.917451,-0.397315,-0.0102035,-0.0179215
1.39,0.214888,-0.0121489,0.551118,0.917451,-0.397315,-0.0102035,-0.0179215
1.4,0.214888,-0.0121489,0.551118,0.917451,-0.397315,-0.0102035,-0.0179215
1.4,0.214888,-0.0121489,0.551118,0.917451,-0.397315,-0.0102035,-0.0179215
1.4,0.214887,-0.0121482,0.551121,0.917453,-0.397309,-0.0101948,-0.0179252
1.41,0.214887,-0.0121482,0.551121,0.917453,-0.397309,-0.0101948,-0.0179252
1.42,0.214887,-0.0121482,0.551121,0.917453,-0.397309,-0.0101948,-0.0179252
1.42,0.214887,-0.0121482,0.551121,0.917453,-0.397309,-0.0101948,-0.0179252
1.42,0.214887,-0.0121482,0.551121,0.917453,-0.397309,-0.0101948,-0.0179252
1.43,0.214887,-0.0121482,0.551121,0.917453,-0.397309,-0.0101948,-0.0179252
1.44,0.214887,-0.0121482,0.551121,0.917453,-0.397309,-0.0101948,-0.0179252
1.44,0.214887,-0.0121482,0.551121,0.917453,-0.397309,-0.0101948,-0.0179252
1.44,0.214887,-0.0121482,0.551121,0.917453,-0.397309,-0.0101948,-0.0179252
1.45,0.214887,-0.0121482,0.551121,0.917453,-0.397309,-0.0101948,-0.0179252
1.46,0.214889,-0.0121489,0.551117,0.917451,-0.397313,-0.0102025,-0.0179245
1.46,0.214889,-0.0121489,0.551117,0.917451,-0.397313,-0.0102025,-0.0179245
1.46,0.214889,-0.0121489,0.551117,0.917451,-0.397313,-0.0102025,-0.0179245
1.47,0.214889,-0.0121489,0.551117,0.917451,-0.397313,-0.0102025,-0.0179245
1.48,0.214889,-0.0121489,0.551117,0.917451,-0.397313,-0.0102025,-0.0179245
1.48,0.214889,-0.0121489,0.551117,0.917451,-0.397313,-0.0102025,-0.0179245
1.48,0.214889,-0.0121489,0.551117,0.917451,-0.397313,-0.0102025,-0.0179245
1.49,0.214889,-0.0121489,0.551117,0.917451,-0.397313,-0.0102025,-0.0179245
1.5,0.214889,-0.0121489,0.551117,0.917451,-0.397313,-0.0102025,-0.0179245
1.5,0.214889,-0.0121489,0.551117,0.917451,-0.397313,-0.0102025,-0.0179245
1.5,0.214888,-0.0121474,0.551119,0.917452,-0.397312,-0.0101985,-0.0179236
1.51,0.214888,-0.0121474,0.551119,0.917452,-0.397312,-0.0101985,-0.0179236
1.52,0.214888,-0.0121474,0.551119,0.917452,-0.397312,-0.0101985,-0.0179236
1.52,0.214888,-0.0121474,0.551119,0.917452,-0.397312,-0.0101985,-0.0179236
1.52,0.214888,-0.0121474,0.551119,0.917452,-0.397312,-0.0101985,-0.0179236
1.53,0.214888,-0.0121474,0.551119,0.917452,-0.397312,-0.0101985,-0.0179236
1.54,0.214888,-0.0121474,0.551119,0.917452,-0.397312,-0.0101985,-0.0179236
1.54,0.214888,-0.0121474,0.551119,0.917452,-0.397312,-0.0101985,-0.0179236
1.54,0.214888,-0.0121474,0.551119,0.917452,-0.397312,-0.0101985,-0.0179236
1.55,0.214888,-0.0121474,0.551119,0.917452,-0.397312,-0.0101985,-0.0179236
1.56,0.214887,-0.0121491,0.551118,0.917452,-0.397311,-0.0102031,-0.0179237
1.56,0.214887,-0.0121491,0.551118,0.917452,-0.397311,-0.0102031,-0.0179237
1.56,0.214887,-0.0121491,0.551118,0.917452,-0.397311,-0.0102031,-0.0179237
1.57,0.214887,-0.0121491,0.551118,0.917452,-0.397311,-0.0102031,-0.0179237
1.58,0.214887,-0.0121491,0.551118,0.917452,-0.397311,-0.0102031,-0.0179237
1.58,0.214887,-0.0121491,0.551118,0.917452,-0.397311,-0.0102031,-0.0179237
1.58,0.214887,-0.0121491,0.551118,0.917452,-0.397311,-0.0102031,-0.0179237
1.59,0.214887,-0.0121491,0.551118,0.917452,-0.397311,-0.0102031,-0.0179237
1.6,0.214887,-0.0121491,0.551118,0.917452,-0.397311,-0.0102031,-0.0179237
1.6,0.214887,-0.0121491,0.551118,0.917452,-0.397311,-0.0102031,-0.0179237
1.6,0.214889,-0.0121486,0.551117,0.917451,-0.397314,-0.0102027,-0.017923
1.61,0.214889,-0.0121486,0.551117,0.917451,-0.397314,-0.0102027,-0.017923
1.62,0.214889,-0.0121486,0.551117,0.917451,-0.397314,-0.0102027,-0.017923
1.62,0.214889,-0.0121486,0.551117,0.917451,-0.397314,-0.0102027,-0.017923
1.62,0.214889,-0.0121486,0.551117,0.917451,-0.397314,-0.0102027,-0.017923
1.63,0.214889,-0.0121486,0.551117,0.917451,-0.397314,-0.0102027,-0.017923
1.64,0.214889,-0.0121486,0.551117,0.917451,-0.397314,-0.0102027,-0.017923
1.64,0.214889,-0.0121486,0.551117,0.917451,-0.397314,-0.0102027,-0.017923
1.64,0.214889,-0.0121486,0.551117,0.917451,-0.397314,-0.0102027,-0.017923
1.65,0.214889,-0.0121486,0.551117,0.917451,-0.397314,-0.0102027,-0.017923
1.66,0.214888,-0.0121487,0.551119,0.91745,-0.397315,-0.010203,-0.017923
1.66,0.214888,-0.0121487,0.551119,0.91745,-0.397315,-0.010203,-0.017923
1.66,0.214888,-0.0121487,0.551119,0.91745,-0.397315,-0.010203,-0.017923
1.67,0.214888,-0.0121487,0.551119,0.91745,-0.397315,-0.010203,-0.017923
1.68,0.214888,-0.0121487,0.551119,0.91745,-0.397315,-0.010203,-0.017923
1.68,0.214888,-0.0121487,0.551119,0.91745,-0.397315,-0.010203,-0.017923
1.68,0.214888,-0.0121487,0.551119,0.91745,-0.397315,-0.010203,-0.017923
1.69,0.214888,-0.0121487,0.551119,0.91745,-0.397315,-0.010203,-0.017923
1.7,0.214888,-0.0121487,0.551119,0.91745,-0.397315,-0.010203,-0.017923
1.7,0.214888,-0.0121487,0.551119,0.91745,-0.397315,-0.010203,-0.017923
1.7,0.214888,-0.0121495,0.551118,0.917452,-0.397311,-0.0102028,-0.0179219
1.71,0.214888,-0.0121495,0.551118,0.917452,-0.397311,-0.0102028,-0.0179219
1.72,0.214888,-0.0121495,0.551118,0.917452,-0.397311,-0.0102028,-0.0179219
1.72,0.214888,-0.0121495,0.551118,0.917452,-0.397311,-0.0102028,-0.0179219
1.72,0.214888,-0.0121495,0.551118,0.917452,-0.397311,-0.0102028,-0.0179219
1.73,0.214888,-0.0121495,0.551118,0.917452,-0.397311,-0.0102028,-0.0179219
1.74,0.214888,-0.0121495,0.551118,0.917452,-0.397311,-0.0102028,-0.0179219
1.74,0.214888,-0.0121495,0.551118,0.917452,-0.397311,-0.0102028,-0.0179219
1.74,0.214888,-0.0121495,0.551118,0.917452,-0.397311,-0.0102028,-0.0179219
1.75,0.214888,-0.0121495,0.551118,0.917452,-0.397311,-0.0102028,-0.0179219
1.76,0.214887,-0.0121501,0.551122,0.917449,-0.397318,-0.0101976,-0.0179247
1.76,0.214887,-0.0121501,0.551122,0.917449,-0.397318,-0.0101976,-0.0179247
1.76,0.214887,-0.0121501,0.551122,0.917449,-0.397318,-0.0101976,-0.0179247
1.77,0.214887,-0.0121501,0.551122,0.917449,-0.397318,-0.0101976,-0.0179247
1.78,0.214887,-0.0121501,0.551122,0.917449,-0.397318,-0.0101976,-0.0179247
1.78,0.214887,-0.0121501,0.551122,0.917449,-0.397318,-0.0101976,-0.0179247
1.78,0.214887,-0.0121501,0.551122,0.917449,-0.397318,-0.0101976,-0.0179247
1.79,0.214887,-0.0121501,0.551122,0.917449,-0.397318,-0.0101976,-0.0179247
1.8,0.214887,-0.0121501,0.551122,0.917449,-0.397318,-0.0101976,-0.0179247
1.8,0.214887,-0.0121501,0.551122,0.917449,-0.397318,-0.0101976,-0.0179247
1.8,0.214887,-0.0121501,0.551122,0.917449,-0.397318,-0.0101976,-0.0179247
1.81,0.214884,-0.0121715,0.551121,0.917443,-0.39733,-0.0102088,-0.0179561
1.82,0.214884,-0.0121715,0.551121,0.917443,-0.39733,-0.0102088,-0.0179561
1.82,0.214884,-0.0121715,0.551121,0.917443,-0.39733,-0.0102088,-0.0179561
1.82,0.214884,-0.0121715,0.551121,0.917443,-0.39733,-0.0102088,-0.0179561
1.83,0.214884,-0.0121715,0.551121,0.917443,-0.39733,-0.0102088,-0.0179561
1.84,0.214884,-0.0121715,0.551121,0.917443,-0.39733,-0.0102088,-0.0179561
1.84,0.214884,-0.0121715,0.551121,0.917443,-0.39733,-0.0102088,-0.0179561
1.84,0.214884,-0.0121715,0.551121,0.917443,-0.39733,-0.0102088,-0.0179561
1.85,0.214884,-0.0121715,0.551121,0.917443,-0.39733,-0.0102088,-0.0179561
1.86,0.214884,-0.0121715,0.551121,0.917443,-0.39733,-0.0102088,-0.0179561
1.86,0.214879,-0.0122556,0.551124,0.917416,-0.397387,-0.0102494,-0.0180826
1.86,0.214879,-0.0122556,0.551124,0.917416,-0.397387,-0.0102494,-0.0180826
1.87,0.214879,-0.0122556,0.551124,0.917416,-0.397387,-0.0102494,-0.0180826
1.88,0.214879,-0.0122556,0.551124,0.917416,-0.397387,-0.0102494,-0.0180826
1.88,0.214879,-0.0122556,0.551124,0.917416,-0.397387,-0.0102494,-0.0180826
1.88,0.214879,-0.0122556,0.551124,0.917416,-0.397387,-0.0102494,-0.0180826
1.89,0.214879,-0.0122556,0.551124,0.917416,-0.397387,-0.0102494,-0.0180826
1.9,0.214879,-0.0122556,0.551124,0.917416,-0.397387,-0.0102494,-0.0180826
1.9,0.214879,-0.0122556,0.551124,0.917416,-0.397387,-0.0102494,-0.0180826
1.9,0.214879,-0.0122556,0.551124,0.917416,-0.397387,-0.0102494,-0.0180826
1.91,0.214883,-0.0122643,0.55112,0.917414,-0.39739,-0.0102627,-0.0180923
1.92,0.214883,-0.0122643,0.55112,0.917414,-0.39739,-0.0102627,-0.0180923
1.92,0.214883,-0.0122643,0.55112,0.917414,-0.39739,-0.0102627,-0.0180923
1.92,0.214883,-0.0122643,0.55112,0.917414,-0.39739,-0.0102627,-0.0180923
1.93,0.214883,-0.0122643,0.55112,0.917414,-0.39739,-0.0102627,-0.0180923
1.94,0.214883,-0.0122643,0.55112,0.917414,-0.39739,-0.0102627,-0.0180923
1.94,0.214883,-0.0122643,0.55112,0.917414,-0.39739,-0.0102627,-0.0180923
1.94,0.214883,-0.0122643,0.55112,0.917414,-0.39739,-0.0102627,-0.0180923
1.95,0.214883,-0.0122643,0.55112,0.917414,-0.39739,-0.0102627,-0.0180923
1.96,0.214883,-0.0122643,0.55112,0.917414,-0.39739,-0.0102627,-0.0180923
1.96,0.214866,-0.0122577,0.551133,0.917416,-0.397385,-0.0102303,-0.018097
1.96,0.214866,-0.0122577,0.551133,0.917416,-0.397385,-0.0102303,-0.018097
1.97,0.214866,-0.0122577,0.551133,0.917416,-0.397385,-0.0102303,-0.018097
1.98,0.214866,-0.0122577,0.551133,0.917416,-0.397385,-0.0102303,-0.018097
1.98,0.214866,-0.0122577,0.551133,0.917416,-0.397385,-0.0102303,-0.018097
1.98,0.214866,-0.0122577,0.551133,0.917416,-0.397385,-0.0102303,-0.018097
1.99,0.214866,-0.0122577,0.551133,0.917416,-0.397385,-0.0102303,-0.018097
2.0,0.214866,-0.0122577,0.551133,0.917416,-0.397385,-0.0102303,-0.018097
2.0,0.214866,-0.0122577,0.551133,0.917416,-0.397385,-0.0102303,-0.018097
2.0,0.214866,-0.0122577,0.551133,0.917416,-0.397385,-0.0102303,-0.018097
2.01,0.214736,-0.0122975,0.55125,0.917403,-0.397414,-0.0100065,-0.018252
2.02,0.214736,-0.0122975,0.55125,0.917403,-0.397414,-0.0100065,-0.018252
2.02,0.214736,-0.0122975,0.55125,0.917403,-0.397414,-0.0100065,-0.018252
2.02,0.214736,-0.0122975,0.55125,0.917403,-0.397414,-0.0100065,-0.018252
2.03,0.214736,-0.0122975,0.55125,0.917403,-0.397414,-0.0100065,-0.018252
2.04,0.214736,-0.0122975,0.55125,0.917403,-0.397414,-0.0100065,-0.018252
2.04,0.214736,-0.0122975,0.55125,0.917403,-0.397414,-0.0100065,-0.018252
2.04,0.214736,-0.0122975,0.55125,0.917403,-0.397414,-0.0100065,-0.018252
2.05,0.214736,-0.0122975,0.55125,0.917403,-0.397414,-0.0100065,-0.018252
2.06,0.214736,-0.0122975,0.55125,0.917403,-0.397414,-0.0100065,-0.018252
2.06,0.214538,-0.012336,0.55144,0.917397,-0.397426,-0.00963241,-0.0184866
2.06,0.214538,-0.012336,0.55144,0.917397,-0.397426,-0.00963241,-0.0184866
2.07,0.214538,-0.012336,0.55144,0.917397,-0.397426,-0.00963241,-0.0184866
2.08,0.214538,-0.012336,0.55144,0.917397,-0.397426,-0.00963241,-0.0184866
2.08,0.214538,-0.012336,0.55144,0.917397,-0.397426,-0.00963241,-0.0184866
2.08,0.214538,-0.012336,0.55144,0.917397,-0.397426,-0.00963241,-0.0184866
2.09,0.214538,-0.012336,0.55144,0.917397,-0.397426,-0.00963241,-0.0184866
2.1,0.214538,-0.012336,0.55144,0.917397,-0.397426,-0.00963241,-0.0184866
2.1,0.214538,-0.012336,0.55144,0.917397,-0.397426,-0.00963241,-0.0184866
2.1,0.214538,-0.012336,0.55144,0.917397,-0.397426,-0.00963241,-0.0184866
2.11,0.214436,-0.0122261,0.551559,0.917445,-0.397325,-0.00934102,-0.018449
2.12,0.214436,-0.0122261,0.551559,0.917445,-0.397325,-0.00934102,-0.018449
2.12,0.214436,-0.0122261,0.551559,0.917445,-0.397325,-0.00934102,-0.018449
2.12,0.214436,-0.0122261,0.551559,0.917445,-0.397325,-0.00934102,-0.018449
2.13,0.214436,-0.0122261,0.551559,0.917445,-0.397325,-0.00934102,-0.018449
2.14,0.214436,-0.0122261,0.551559,0.917445,-0.397325,-0.00934102,-0.018449
2.14,0.214436,-0.0122261,0.551559,0.917445,-0.397325,-0.00934102,-0.018449
2.14,0.214436,-0.0122261,0.551559,0.917445,-0.397325,-0.00934102,-0.018449
2.15,0.214436,-0.0122261,0.551559,0.917445,-0.397325,-0.00934102,-0.018449
2.16,0.214436,-0.0122261,0.551559,0.917445,-0.397325,-0.00934102,-0.018449
2.16,0.214455,-0.0119096,0.551663,0.917556,-0.397093,-0.00907912,-0.018048
2.16,0.214455,-0.0119096,0.551663,0.917556,-0.397093,-0.00907912,-0.018048
2.17,0.214455,-0.0119096,0.551663,0.917556,-0.397093,-0.00907912,-0.018048
2.18,0.214455,-0.0119096,0.551663,0.917556,-0.397093,-0.00907912,-0.018048
2.18,0.214455,-0.0119096,0.551663,0.917556,-0.397093,-0.00907912,-0.018048
2.18,0.214455,-0.0119096,0.551663,0.917556,-0.397093,-0.00907912,-0.018048
2.19,0.214455,-0.0119096,0.551663,0.917556,-0.397093,-0.00907912,-0.018048
2.19,0.214455,-0.0119096,0.551663,0.917556,-0.397093,-0.00907912,-0.018048
2.2,0.214455,-0.0119096,0.551663,0.917556,-0.397093,-0.00907912,-0.018048
2.2,0.214455,-0.0119096,0.551663,0.917556,-0.397093,-0.00907912,-0.018048
2.21,0.214448,-0.0113527,0.551871,0.917761,-0.396659,-0.00855432,-0.0173857
2.22,0.214448,-0.0113527,0.551871,0.917761,-0.396659,-0.00855432,-0.0173857
2.22,0.214448,-0.0113527,0.551871,0.917761,-0.396659,-0.00855432,-0.0173857
2.22,0.214448,-0.0113527,0.551871,0.917761,-0.396659,-0.00855432,-0.0173857
2.23,0.214448,-0.0113527,0.551871,0.917761,-0.396659,-0.00855432,-0.0173857
2.24,0.214448,-0.0113527,0.551871,0.917761,-0.396659,-0.00855432,-0.0173857
2.24,0.214448,-0.0113527,0.551871,0.917761,-0.396659,-0.00855432,-0.0173857
2.24,0.214448,-0.0113527,0.551871,0.917761,-0.396659,-0.00855432,-0.0173857
2.25,0.214448,-0.0113527,0.551871,0.917761,-0.396659,-0.00855432,-0.0173857
2.26,0.214448,-0.0113527,0.551871,0.917761,-0.396659,-0.00855432,-0.0173857
2.26,0.214448,-0.0113527,0.551871,0.917761,-0.396659,-0.00855432,-0.0173857
2.26,0.214428,-0.0104929,0.552165,0.918081,-0.395977,-0.00777056,-0.0163827
2.27,0.214428,-0.0104929,0.552165,0.918081,-0.395977,-0.00777056,-0.0163827
2.28,0.214428,-0.0104929,0.552165,0.918081,-0.395977,-0.00777056,-0.0163827
2.28,0.214428,-0.0104929,0.552165,0.918081,-0.395977,-0.00777056,-0.0163827
2.28,0.214428,-0.0104929,0.552165,0.918081,-0.395977,-0.00777056,-0.0163827
2.29,0.214428,-0.0104929,0.552165,0.918081,-0.395977,-0.00777056,-0.0163827
2.3,0.214428,-0.0104929,0.552165,0.918081,-0.395977,-0.00777056,-0.0163827
2.3,0.214428,-0.0104929,0.552165,0.918081,-0.395977,-0.00777056,-0.0163827
2.31,0.214428,-0.0104929,0.552165,0.918081,-0.395977,-0.00777056,-0.0163827
2.31,0.214428,-0.0104929,0.552165,0.918081,-0.395977,-0.00777056,-0.0163827
2.32,0.214434,-0.00901539,0.552401,0.918652,-0.394737,-0.00678775,-0.0146521
2.32,0.214434,-0.00901539,0.552401,0.918652,-0.394737,-0.00678775,-0.0146521
2.33,0.214434,-0.00901539,0.552401,0.918652,-0.394737,-0.00678775,-0.0146521
2.33,0.214434,-0.00901539,0.552401,0.918652,-0.394737,-0.00678775,-0.0146521
2.34,0.214434,-0.00901539,0.552401,0.918652,-0.394737,-0.00678775,-0.0146521
2.34,0.214434,-0.00901539,0.552401,0.918652,-0.394737,-0.00678775,-0.0146521
2.35,0.214434,-0.00901539,0.552401,0.918652,-0.394737,-0.00678775,-0.0146521
2.35,0.214434,-0.00901539,0.552401,0.918652,-0.394737,-0.00678775,-0.0146521
2.36,0.214434,-0.00901539,0.552401,0.918652,-0.394737,-0.00678775,-0.0146521
2.36,0.214434,-0.00901539,0.552401,0.918652,-0.394737,-0.00678775,-0.0146521
2.37,0.214491,-0.00658341,0.552514,0.919654,-0.392499,-0.00567168,-0.012187
2.37,0.214491,-0.00658341,0.552514,0.919654,-0.392499,-0.00567168,-0.012187
2.38,0.214491,-0.00658341,0.552514,0.919654,-0.392499,-0.00567168,-0.012187
2.38,0.214491,-0.00658341,0.552514,0.919654,-0.392499,-0.00567168,-0.012187
2.39,0.214491,-0.00658341,0.552514,0.919654,-0.392499,-0.00567168,-0.012187
2.39,0.214491,-0.00658341,0.552514,0.919654,-0.392499,-0.00567168,-0.012187
2.4,0.214491,-0.00658341,0.552514,0.919654,-0.392499,-0.00567168,-0.012187
2.4,0.214491,-0.00658341,0.552514,0.919654,-0.392499,-0.00567168,-0.012187
2.41,0.214491,-0.00658341,0.552514,0.919654,-0.392499,-0.00567168,-0.012187
2.41,0.214491,-0.00658341,0.552514,0.919654,-0.392499,-0.00567168,-0.012187
2.42,0.214602,-0.00318534,0.552603,0.921056,-0.389313,-0.00412439,-0.00863212
2.42,0.214602,-0.00318534,0.552603,0.921056,-0.389313,-0.00412439,-0.00863212
2.43,0.214602,-0.00318534,0.552603,0.921056,-0.389313,-0.00412439,-0.00863212
2.43,0.214602,-0.00318534,0.552603,0.921056,-0.389313,-0.00412439,-0.00863212
2.44,0.214602,-0.00318534,0.552603,0.921056,-0.389313,-0.00412439,-0.00863212
2.44,0.214602,-0.00318534,0.552603,0.921056,-0.389313,-0.00412439,-0.00863212
2.44,0.214602,-0.00318534,0.552603,0.921056,-0.389313,-0.00412439,-0.00863212
2.45,0.214602,-0.00318534,0.552603,0.921056,-0.389313,-0.00412439,-0.00863212
2.46,0.214602,-0.00318534,0.552603,0.921056,-0.389313,-0.00412439,-0.00863212
2.46,0.214602,-0.00318534,0.552603,0.921056,-0.389313,-0.00412439,-0.00863212
2.46,0.214808,0.000970394,0.552707,0.922637,-0.385639,-0.00226755,-0.00426201
2.47,0.214808,0.000970394,0.552707,0.922637,-0.385639,-0.00226755,-0.00426201
2.48,0.214808,0.000970394,0.552707,0.922637,-0.385639,-0.00226755,-0.00426201
2.48,0.214808,0.000970394,0.552707,0.922637,-0.385639,-0.00226755,-0.00426201
2.48,0.214808,0.000970394,0.552707,0.922637,-0.385639,-0.00226755,-0.00426201
2.49,0.214808,0.000970394,0.552707,0.922637,-0.385639,-0.00226755,-0.00426201
2.5,0.214808,0.000970394,0.552707,0.922637,-0.385639,-0.00226755,-0.00426201
2.5,0.214808,0.000970394,0.552707,0.922637,-0.385639,-0.00226755,-0.00426201
2.5,0.214808,0.000970394,0.552707,0.922637,-0.385639,-0.00226755,-0.00426201
2.51,0.214808,0.000970394,0.552707,0.922637,-0.385639,-0.00226755,-0.00426201
2.52,0.215145,0.00567697,0.552892,0.924231,-0.381834,-0.000189932,0.00054898
2.52,0.215145,0.00567697,0.552892,0.924231,-0.381834,-0.000189932,0.00054898
2.52,0.215145,0.00567697,0.552892,0.924231,-0.381834,-0.000189932,0.00054898
2.53,0.215145,0.00567697,0.552892,0.924231,-0.381834,-0.000189932,0.00054898
2.54,0.215145,0.00567697,0.552892,0.924231,-0.381834,-0.000189932,0.00054898
2.54,0.215145,0.00567697,0.552892,0.924231,-0.381834,-0.000189932,0.00054898
2.54,0.215145,0.00567697,0.552892,0.924231,-0.381834,-0.000189932,0.00054898
2.55,0.215145,0.00567697,0.552892,0.924231,-0.381834,-0.000189932,0.00054898
2.56,0.215145,0.00567697,0.552892,0.924231,-0.381834,-0.000189932,0.00054898
2.56,0.215145,0.00567697,0.552892,0.924231,-0.381834,-0.000189932,0.00054898
2.56,0.215716,0.0109537,0.553209,0.925875,-0.377776,0.00248185,0.00585288
2.57,0.215716,0.0109537,0.553209,0.925875,-0.377776,0.00248185,0.00585288
2.58,0.215716,0.0109537,0.553209,0.925875,-0.377776,0.00248185,0.00585288
2.58,0.215716,0.0109537,0.553209,0.925875,-0.377776,0.00248185,0.00585288
2.58,0.215716,0.0109537,0.553209,0.925875,-0.377776,0.00248185,0.00585288
2.59,0.215716,0.0109537,0.553209,0.925875,-0.377776,0.00248185,0.00585288
2.6,0.215716,0.0109537,0.553209,0.925875,-0.377776,0.00248185,0.00585288
2.6,0.215716,0.0109537,0.553209,0.925875,-0.377776,0.00248185,0.00585288
2.6,0.215716,0.0109537,0.553209,0.925875,-0.377776,0.00248185,0.00585288
2.61,0.215716,0.0109537,0.553209,0.925875,-0.377776,0.00248185,0.00585288
2.62,0.21679,0.016706,0.553894,0.927514,-0.373571,0.00646779,0.0109902
2.62,0.21679,0.016706,0.553894,0.927514,-0.373571,0.00646779,0.0109902
2.62,0.21679,0.016706,0.553894,0.927514,-0.373571,0.00646779,0.0109902
2.63,0.21679,0.016706,0.553894,0.927514,-0.373571,0.00646779,0.0109902
2.64,0.21679,0.016706,0.553894,0.927514,-0.373571,0.00646779,0.0109902
2.64,0.21679,0.016706,0.553894,0.927514,-0.373571,0.00646779,0.0109902
2.64,0.21679,0.016706,0.553894,0.927514,-0.373571,0.00646779,0.0109902
2.65,0.21679,0.016706,0.553894,0.927514,-0.373571,0.00646779,0.0109902
2.66,0.21679,0.016706,0.553894,0.927514,-0.373571,0.00646779,0.0109902
2.66,0.21679,0.016706,0.553894,0.927514,-0.373571,0.00646779,0.0109902
2.66,0.218535,0.0232238,0.555037,0.929175,-0.369154,0.0118748,0.0147534
2.67,0.218535,0.0232238,0.555037,0.929175,-0.369154,0.0118748,0.0147534
2.68,0.218535,0.0232238,0.555037,0.929175,-0.369154,0.0118748,0.0147534
2.68,0.218535,0.0232238,0.555037,0.929175,-0.369154,0.0118748,0.0147534
2.68,0.218535,0.0232238,0.555037,0.929175,-0.369154,0.0118748,0.0147534
2.69,0.218535,0.0232238,0.555037,0.929175,-0.369154,0.0118748,0.0147534
2.7,0.218535,0.0232238,0.555037,0.929175,-0.369154,0.0118748,0.0147534
2.7,0.218535,0.0232238,0.555037,0.929175,-0.369154,0.0118748,0.0147534
2.7,0.218535,0.0232238,0.555037,0.929175,-0.369154,0.0118748,0.0147534
2.71,0.218535,0.0232238,0.555037,0.929175,-0.369154,0.0118748,0.0147534
2.72,0.220468,0.0304696,0.556072,0.930971,-0.364355,0.015974,0.0168301
2.72,0.220468,0.0304696,0.556072,0.930971,-0.364355,0.015974,0.0168301
2.72,0.220468,0.0304696,0.556072,0.930971,-0.364355,0.015974,0.0168301
2.73,0.220468,0.0304696,0.556072,0.930971,-0.364355,0.015974,0.0168301
2.74,0.220468,0.0304696,0.556072,0.930971,-0.364355,0.015974,0.0168301
2.74,0.220468,0.0304696,0.556072,0.930971,-0.364355,0.015974,0.0168301
2.74,0.220468,0.0304696,0.556072,0.930971,-0.364355,0.015974,0.0168301
2.75,0.220468,0.0304696,0.556072,0.930971,-0.364355,0.015974,0.0168301
2.76,0.220468,0.0304696,0.556072,0.930971,-0.364355,0.015974,0.0168301
2.76,0.220468,0.0304696,0.556072,0.930971,-0.364355,0.015974,0.0168301
2.76,0.222706,0.0385308,0.556743,0.932917,-0.3592,0.0191947,0.0165142
2.77,0.222706,0.0385308,0.556743,0.932917,-0.3592,0.0191947,0.0165142
2.78,0.222706,0.0385308,0.556743,0.932917,-0.3592,0.0191947,0.0165142
2.78,0.222706,0.0385308,0.556743,0.932917,-0.3592,0.0191947,0.0165142
2.78,0.222706,0.0385308,0.556743,0.932917,-0.3592,0.0191947,0.0165142
2.79,0.222706,0.0385308,0.556743,0.932917,-0.3592,0.0191947,0.0165142
2.8,0.222706,0.0385308,0.556743,0.932917,-0.3592,0.0191947,0.0165142
2.8,0.222706,0.0385308,0.556743,0.932917,-0.3592,0.0191947,0.0165142
2.8,0.222706,0.0385308,0.556743,0.932917,-0.3592,0.0191947,0.0165142
2.81,0.222706,0.0385308,0.556743,0.932917,-0.3592,0.0191947,0.0165142
2.82,0.222706,0.0385308,0.556743,0.932917,-0.3592,0.0191947,0.0165142
2.82,0.225052,0.0473126,0.557046,0.935003,-0.353785,0.0200157,0.0143303
2.82,0.225052,0.0473126,0.557046,0.935003,-0.353785,0.0200157,0.0143303
2.83,0.225052,0.0473126,0.557046,0.935003,-0.353785,0.0200157,0.0143303
2.84,0.225052,0.0473126,0.557046,0.935003,-0.353785,0.0200157,0.0143303
2.84,0.225052,0.0473126,0.557046,0.935003,-0.353785,0.0200157,0.0143303
2.84,0.225052,0.0473126,0.557046,0.935003,-0.353785,0.0200157,0.0143303
2.85,0.225052,0.0473126,0.557046,0.935003,-0.353785,0.0200157,0.0143303
2.86,0.225052,0.0473126,0.557046,0.935003,-0.353785,0.0200157,0.0143303
2.86,0.225052,0.0473126,0.557046,0.935003,-0.353785,0.0200157,0.0143303
2.86,0.225052,0.0473126,0.557046,0.935003,-0.353785,0.0200157,0.0143303
2.87,0.227561,0.0563698,0.556728,0.937052,-0.348547,0.0186053,0.010082
2.88,0.227561,0.0563698,0.556728,0.937052,-0.348547,0.0186053,0.010082
2.88,0.227561,0.0563698,0.556728,0.937052,-0.348547,0.0186053,0.010082
2.88,0.227561,0.0563698,0.556728,0.937052,-0.348547,0.0186053,0.010082
2.89,0.227561,0.0563698,0.556728,0.937052,-0.348547,0.0186053,0.010082
2.9,0.227561,0.0563698,0.556728,0.937052,-0.348547,0.0186053,0.010082
2.9,0.227561,0.0563698,0.556728,0.937052,-0.348547,0.0186053,0.010082
2.9,0.227561,0.0563698,0.556728,0.937052,-0.348547,0.0186053,0.010082
2.91,0.227561,0.0563698,0.556728,0.937052,-0.348547,0.0186053,0.010082
2.92,0.227561,0.0563698,0.556728,0.937052,-0.348547,0.0186053,0.010082
2.92,0.230534,0.0658512,0.556008,0.939075,-0.343322,0.015889,0.00398193
2.92,0.230534,0.0658512,0.556008,0.939075,-0.343322,0.015889,0.00398193
2.93,0.230534,0.0658512,0.556008,0.939075,-0.343322,0.015889,0.00398193
2.94,0.230534,0.0658512,0.556008,0.939075,-0.343322,0.015889,0.00398193
2.94,0.230534,0.0658512,0.556008,0.939075,-0.343322,0.015889,0.00398193
2.94,0.230534,0.0658512,0.556008,0.939075,-0.343322,0.015889,0.00398193
2.95,0.230534,0.0658512,0.556008,0.939075,-0.343322,0.015889,0.00398193
2.96,0.230534,0.0658512,0.556008,0.939075,-0.343322,0.015889,0.00398193
2.96,0.230534,0.0658512,0.556008,0.939075,-0.343322,0.015889,0.00398193
2.96,0.230534,0.0658512,0.556008,0.939075,-0.343322,0.015889,0.00398193
2.97,0.23386,0.075083,0.55526,0.940936,-0.338336,0.0128958,-0.00165163
2.98,0.23386,0.075083,0.55526,0.940936,-0.338336,0.0128958,-0.00165163
2.98,0.23386,0.075083,0.55526,0.940936,-0.338336,0.0128958,-0.00165163
2.98,0.23386,0.075083,0.55526,0.940936,-0.338336,0.0128958,-0.00165163
2.99,0.23386,0.075083,0.55526,0.940936,-0.338336,0.0128958,-0.00165163
3.0,0.23386,0.075083,0.55526,0.940936,-0.338336,0.0128958,-0.00165163
3.0,0.23386,0.075083,0.55526,0.940936,-0.338336,0.0128958,-0.00165163
3.0,0.23386,0.075083,0.55526,0.940936,-0.338336,0.0128958,-0.00165163
3.01,0.23386,0.075083,0.55526,0.940936,-0.338336,0.0128958,-0.00165163
3.02,0.23386,0.075083,0.55526,0.940936,-0.338336,0.0128958,-0.00165163
3.02,0.238116,0.0836972,0.554709,0.942489,-0.333975,0.0113836,-0.00675555
3.02,0.238116,0.0836972,0.554709,0.942489,-0.333975,0.0113836,-0.00675555
3.03,0.238116,0.0836972,0.554709,0.942489,-0.333975,0.0113836,-0.00675555
3.04,0.238116,0.0836972,0.554709,0.942489,-0.333975,0.0113836,-0.00675555
3.04,0.238116,0.0836972,0.554709,0.942489,-0.333975,0.0113836,-0.00675555
3.04,0.238116,0.0836972,0.554709,0.942489,-0.333975,0.0113836,-0.00675555
3.05,0.238116,0.0836972,0.554709,0.942489,-0.333975,0.0113836,-0.00675555
3.06,0.238116,0.0836972,0.554709,0.942489,-0.333975,0.0113836,-0.00675555
3.06,0.238116,0.0836972,0.554709,0.942489,-0.333975,0.0113836,-0.00675555
3.06,0.238116,0.0836972,0.554709,0.942489,-0.333975,0.0113836,-0.00675555
3.07,0.243008,0.0917797,0.554293,0.943901,-0.3299,0.0112587,-0.00951251
3.08,0.243008,0.0917797,0.554293,0.943901,-0.3299,0.0112587,-0.00951251
3.08,0.243008,0.0917797,0.554293,0.943901,-0.3299,0.0112587,-0.00951251
3.08,0.243008,0.0917797,0.554293,0.943901,-0.3299,0.0112587,-0.00951251
3.09,0.243008,0.0917797,0.554293,0.943901,-0.3299,0.0112587,-0.00951251
3.1,0.243008,0.0917797,0.554293,0.943901,-0.3299,0.0112587,-0.00951251
3.1,0.243008,0.0917797,0.554293,0.943901,-0.3299,0.0112587,-0.00951251
3.1,0.243008,0.0917797,0.554293,0.943901,-0.3299,0.0112587,-0.00951251
3.11,0.243008,0.0917797,0.554293,0.943901,-0.3299,0.0112587,-0.00951251
3.12,0.243008,0.0917797,0.554293,0.943901,-0.3299,0.0112587,-0.00951251
3.12,0.248596,0.0993004,0.553946,0.945312,-0.325803,0.0126178,-0.00885567
3.12,0.248596,0.0993004,0.553946,0.945312,-0.325803,0.0126178,-0.00885567
3.13,0.248596,0.0993004,0.553946,0.945312,-0.325803,0.0126178,-0.00885567
3.14,0.248596,0.0993004,0.553946,0.945312,-0.325803,0.0126178,-0.00885567
3.14,0.248596,0.0993004,0.553946,0.945312,-0.325803,0.0126178,-0.00885567
3.14,0.248596,0.0993004,0.553946,0.945312,-0.325803,0.0126178,-0.00885567
3.15,0.248596,0.0993004,0.553946,0.945312,-0.325803,0.0126178,-0.00885567
3.16,0.248596,0.0993004,0.553946,0.945312,-0.325803,0.0126178,-0.00885567
3.16,0.248596,0.0993004,0.553946,0.945312,-0.325803,0.0126178,-0.00885567
3.16,0.248596,0.0993004,0.553946,0.945312,-0.325803,0.0126178,-0.00885567
3.17,0.254932,0.106008,0.553711,0.946674,-0.321769,0.0155596,-0.00547605
3.18,0.254932,0.106008,0.553711,0.946674,-0.321769,0.0155596,-0.00547605
3.18,0.254932,0.106008,0.553711,0.946674,-0.321769,0.0155596,-0.00547605
3.18,0.254932,0.106008,0.553711,0.946674,-0.321769,0.0155596,-0.00547605
3.19,0.254932,0.106008,0.553711,0.946674,-0.321769,0.0155596,-0.00547605
3.2,0.254932,0.106008,0.553711,0.946674,-0.321769,0.0155596,-0.00547605
3.2,0.254932,0.106008,0.553711,0.946674,-0.321769,0.0155596,-0.00547605
3.2,0.254932,0.106008,0.553711,0.946674,-0.321769,0.0155596,-0.00547605
3.21,0.254932,0.106008,0.553711,0.946674,-0.321769,0.0155596,-0.00547605
3.22,0.254932,0.106008,0.553711,0.946674,-0.321769,0.0155596,-0.00547605
3.22,0.261955,0.112049,0.553531,0.947838,-0.318187,0.0189306,-0.00129526
3.22,0.261955,0.112049,0.553531,0.947838,-0.318187,0.0189306,-0.00129526
3.23,0.261955,0.112049,0.553531,0.947838,-0.318187,0.0189306,-0.00129526
3.24,0.261955,0.112049,0.553531,0.947838,-0.318187,0.0189306,-0.00129526
3.24,0.261955,0.112049,0.553531,0.947838,-0.318187,0.0189306,-0.00129526
3.24,0.261955,0.112049,0.553531,0.947838,-0.318187,0.0189306,-0.00129526
3.25,0.261955,0.112049,0.553531,0.947838,-0.318187,0.0189306,-0.00129526
3.26,0.261955,0.112049,0.553531,0.947838,-0.318187,0.0189306,-0.00129526
3.26,0.261955,0.112049,0.553531,0.947838,-0.318187,0.0189306,-0.00129526
3.26,0.261955,0.112049,0.553531,0.947838,-0.318187,0.0189306,-0.00129526
3.27,0.269453,0.11763,0.553541,0.94882,-0.315051,0.0219001,0.00200025
3.28,0.269453,0.11763,0.553541,0.94882,-0.315051,0.0219001,0.00200025
3.28,0.269453,0.11763,0.553541,0.94882,-0.315051,0.0219001,0.00200025
3.28,0.269453,0.11763,0.553541,0.94882,-0.315051,0.0219001,0.00200025
3.29,0.269453,0.11763,0.553541,0.94882,-0.315051,0.0219001,0.00200025
3.3,0.269453,0.11763,0.553541,0.94882,-0.315051,0.0219001,0.00200025
3.3,0.269453,0.11763,0.553541,0.94882,-0.315051,0.0219001,0.00200025
3.3,0.269453,0.11763,0.553541,0.94882,-0.315051,0.0219001,0.00200025
3.31,0.269453,0.11763,0.553541,0.94882,-0.315051,0.0219001,0.00200025
3.32,0.269453,0.11763,0.553541,0.94882,-0.315051,0.0219001,0.00200025
3.32,0.269453,0.11763,0.553541,0.94882,-0.315051,0.0219001,0.00200025
3.32,0.277518,0.122637,0.553592,0.949555,-0.312659,0.0237964,0.0048974
3.33,0.277518,0.122637,0.553592,0.949555,-0.312659,0.0237964,0.0048974
3.34,0.277518,0.122637,0.553592,0.949555,-0.312659,0.0237964,0.0048974
3.34,0.277518,0.122637,0.553592,0.949555,-0.312659,0.0237964,0.0048974
3.34,0.277518,0.122637,0.553592,0.949555,-0.312659,0.0237964,0.0048974
3.35,0.277518,0.122637,0.553592,0.949555,-0.312659,0.0237964,0.0048974
3.36,0.277518,0.122637,0.553592,0.949555,-0.312659,0.0237964,0.0048974
3.36,0.277518,0.122637,0.553592,0.949555,-0.312659,0.0237964,0.0048974
3.36,0.277518,0.122637,0.553592,0.949555,-0.312659,0.0237964,0.0048974
3.37,0.277518,0.122637,0.553592,0.949555,-0.312659,0.0237964,0.0048974
3.38,0.285742,0.126743,0.553603,0.950008,-0.311199,0.0241748,0.00742242
3.38,0.285742,0.126743,0.553603,0.950008,-0.311199,0.0241748,0.00742242
3.38,0.285742,0.126743,0.553603,0.950008,-0.311199,0.0241748,0.00742242
3.39,0.285742,0.126743,0.553603,0.950008,-0.311199,0.0241748,0.00742242
3.4,0.285742,0.126743,0.553603,0.950008,-0.311199,0.0241748,0.00742242
3.4,0.285742,0.126743,0.553603,0.950008,-0.311199,0.0241748,0.00742242
3.4,0.285742,0.126743,0.553603,0.950008,-0.311199,0.0241748,0.00742242
3.41,0.285742,0.126743,0.553603,0.950008,-0.311199,0.0241748,0.00742242
3.42,0.285742,0.126743,0.553603,0.950008,-0.311199,0.0241748,0.00742242
3.42,0.285742,0.126743,0.553603,0.950008,-0.311199,0.0241748,0.00742242
3.42,0.294651,0.130354,0.553835,0.950327,-0.310176,0.0242632,0.00901864
3.43,0.294651,0.130354,0.553835,0.950327,-0.310176,0.0242632,0.00901864
3.44,0.294651,0.130354,0.553835,0.950327,-0.310176,0.0242632,0.00901864
3.44,0.294651,0.130354,0.553835,0.950327,-0.310176,0.0242632,0.00901864
3.44,0.294651,0.130354,0.553835,0.950327,-0.310176,0.0242632,0.00901864
3.45,0.294651,0.130354,0.553835,0.950327,-0.310176,0.0242632,0.00901864
3.46,0.294651,0.130354,0.553835,0.950327,-0.310176,0.0242632,0.00901864
3.46,0.294651,0.130354,0.553835,0.950327,-0.310176,0.0242632,0.00901864
3.46,0.294651,0.130354,0.553835,0.950327,-0.310176,0.0242632,0.00901864
3.47,0.294651,0.130354,0.553835,0.950327,-0.310176,0.0242632,0.00901864
3.48,0.303671,0.133444,0.554095,0.950551,-0.30953,0.0231678,0.010336
3.48,0.303671,0.133444,0.554095,0.950551,-0.30953,0.0231678,0.010336
3.48,0.303671,0.133444,0.554095,0.950551,-0.30953,0.0231678,0.010336
3.49,0.303671,0.133444,0.554095,0.950551,-0.30953,0.0231678,0.010336
3.5,0.303671,0.133444,0.554095,0.950551,-0.30953,0.0231678,0.010336
3.5,0.303671,0.133444,0.554095,0.950551,-0.30953,0.0231678,0.010336
3.5,0.303671,0.133444,0.554095,0.950551,-0.30953,0.0231678,0.010336
3.51,0.303671,0.133444,0.554095,0.950551,-0.30953,0.0231678,0.010336
3.52,0.303671,0.133444,0.554095,0.950551,-0.30953,0.0231678,0.010336
3.52,0.303671,0.133444,0.554095,0.950551,-0.30953,0.0231678,0.010336
3.52,0.313053,0.136224,0.554503,0.950763,-0.308943,0.0221306,0.0106892
3.53,0.313053,0.136224,0.554503,0.950763,-0.308943,0.0221306,0.0106892
3.54,0.313053,0.136224,0.554503,0.950763,-0.308943,0.0221306,0.0106892
3.54,0.313053,0.136224,0.554503,0.950763,-0.308943,0.0221306,0.0106892
3.54,0.313053,0.136224,0.554503,0.950763,-0.308943,0.0221306,0.0106892
3.55,0.313053,0.136224,0.554503,0.950763,-0.308943,0.0221306,0.0106892
3.56,0.313053,0.136224,0.554503,0.950763,-0.308943,0.0221306,0.0106892
3.56,0.313053,0.136224,0.554503,0.950763,-0.308943,0.0221306,0.0106892
3.56,0.313053,0.136224,0.554503,0.950763,-0.308943,0.0221306,0.0106892
3.57,0.313053,0.136224,0.554503,0.950763,-0.308943,0.0221306,0.0106892
3.58,0.322297,0.138736,0.554949,0.950974,-0.308406,0.0204384,0.0108125
3.58,0.322297,0.138736,0.554949,0.950974,-0.308406,0.0204384,0.0108125
3.58,0.322297,0.138736,0.554949,0.950974,-0.308406,0.0204384,0.0108125
3.59,0.322297,0.138736,0.554949,0.950974,-0.308406,0.0204384,0.0108125
3.6,0.322297,0.138736,0.554949,0.950974,-0.308406,0.0204384,0.0108125
3.6,0.322297,0.138736,0.554949,0.950974,-0.308406,0.0204384,0.0108125
3.6,0.322297,0.138736,0.554949,0.950974,-0.308406,0.0204384,0.0108125
3.61,0.322297,0.138736,0.554949,0.950974,-0.308406,0.0204384,0.0108125
3.62,0.322297,0.138736,0.554949,0.950974,-0.308406,0.0204384,0.0108125
3.62,0.322297,0.138736,0.554949,0.950974,-0.308406,0.0204384,0.0108125
3.62,0.332169,0.140813,0.555505,0.95111,-0.308096,0.0193044,0.00969596
3.63,0.332169,0.140813,0.555505,0.95111,-0.308096,0.0193044,0.00969596
3.64,0.332169,0.140813,0.555505,0.95111,-0.308096,0.0193044,0.00969596
3.64,0.332169,0.140813,0.555505,0.95111,-0.308096,0.0193044,0.00969596
3.64,0.332169,0.140813,0.555505,0.95111,-0.308096,0.0193044,0.00969596
3.65,0.332169,0.140813,0.555505,0.95111,-0.308096,0.0193044,0.00969596
3.66,0.332169,0.140813,0.555505,0.95111,-0.308096,0.0193044,0.00969596
3.66,0.332169,0.140813,0.555505,0.95111,-0.308096,0.0193044,0.00969596
3.66,0.332169,0.140813,0.555505,0.95111,-0.308096,0.0193044,0.00969596
3.67,0.332169,0.140813,0.555505,0.95111,-0.308096,0.0193044,0.00969596
3.68,0.342073,0.142806,0.556044,0.951312,-0.30756,0.0187776,0.00770938
3.68,0.342073,0.142806,0.556044,0.951312,-0.30756,0.0187776,0.00770938
3.68,0.342073,0.142806,0.556044,0.951312,-0.30756,0.0187776,0.00770938
3.69,0.342073,0.142806,0.556044,0.951312,-0.30756,0.0187776,0.00770938
3.7,0.342073,0.142806,0.556044,0.951312,-0.30756,0.0187776,0.00770938
3.7,0.342073,0.142806,0.556044,0.951312,-0.30756,0.0187776,0.00770938
3.7,0.342073,0.142806,0.556044,0.951312,-0.30756,0.0187776,0.00770938
3.71,0.342073,0.142806,0.556044,0.951312,-0.30756,0.0187776,0.00770938
3.72,0.342073,0.142806,0.556044,0.951312,-0.30756,0.0187776,0.00770938
3.72,0.342073,0.142806,0.556044,0.951312,-0.30756,0.0187776,0.00770938
3.72,0.342073,0.142806,0.556044,0.951312,-0.30756,0.0187776,0.00770938
3.73,0.352323,0.144157,0.55667,0.95139,-0.307394,0.0186077,0.00454643
3.74,0.352323,0.144157,0.55667,0.95139,-0.307394,0.0186077,0.00454643
3.74,0.352323,0.144157,0.55667,0.95139,-0.307394,0.0186077,0.00454643
3.74,0.352323,0.144157,0.55667,0.95139,-0.307394,0.0186077,0.00454643
3.75,0.352323,0.144157,0.55667,0.95139,-0.307394,0.0186077,0.00454643
3.76,0.352323,0.144157,0.55667,0.95139,-0.307394,0.0186077,0.00454643
3.76,0.352323,0.144157,0.55667,0.95139,-0.307394,0.0186077,0.00454643
3.76,0.352323,0.144157,0.55667,0.95139,-0.307394,0.0186077,0.00454643
3.77,0.352323,0.144157,0.55667,0.95139,-0.307394,0.0186077,0.00454643
3.78,0.352323,0.144157,0.55667,0.95139,-0.307394,0.0186077,0.00454643
3.78,0.362332,0.144523,0.557287,0.951209,-0.308013,0.0181485,0.000914998
3.78,0.362332,0.144523,0.557287,0.951209,-0.308013,0.0181485,0.000914998
3.79,0.362332,0.144523,0.557287,0.951209,-0.308013,0.0181485,0.000914998
3.8,0.362332,0.144523,0.557287,0.951209,-0.308013,0.0181485,0.000914998
3.8,0.362332,0.144523,0.557287,0.951209,-0.308013,0.0181485,0.000914998
3.8,0.362332,0.144523,0.557287,0.951209,-0.308013,0.0181485,0.000914998
3.81,0.362332,0.144523,0.557287,0.951209,-0.308013,0.0181485,0.000914998
3.82,0.362332,0.144523,0.557287,0.951209,-0.308013,0.0181485,0.000914998
3.82,0.362332,0.144523,0.557287,0.951209,-0.308013,0.0181485,0.000914998
3.82,0.362332,0.144523,0.557287,0.951209,-0.308013,0.0181485,0.000914998
3.83,0.372413,0.143662,0.557592,0.950682,-0.309648,0.0176414,-0.00338889
3.84,0.372413,0.143662,0.557592,0.950682,-0.309648,0.0176414,-0.00338889
3.84,0.372413,0.143662,0.557592,0.950682,-0.309648,0.0176414,-0.00338889
3.84,0.372413,0.143662,0.557592,0.950682,-0.309648,0.0176414,-0.00338889
3.85,0.372413,0.143662,0.557592,0.950682,-0.309648,0.0176414,-0.00338889
3.86,0.372413,0.143662,0.557592,0.950682,-0.309648,0.0176414,-0.00338889
3.86,0.372413,0.143662,0.557592,0.950682,-0.309648,0.0176414,-0.00338889
3.86,0.372413,0.143662,0.557592,0.950682,-0.309648,0.0176414,-0.00338889
3.87,0.372413,0.143662,0.557592,0.950682,-0.309648,0.0176414,-0.00338889
3.88,0.372413,0.143662,0.557592,0.950682,-0.309648,0.0176414,-0.00338889
3.88,0.382364,0.141452,0.557351,0.949798,-0.312387,0.0155818,-0.00751097
3.88,0.382364,0.141452,0.557351,0.949798,-0.312387,0.0155818,-0.00751097
3.89,0.382364,0.141452,0.557351,0.949798,-0.312387,0.0155818,-0.00751097
3.9,0.382364,0.141452,0.557351,0.949798,-0.312387,0.0155818,-0.00751097
3.9,0.382364,0.141452,0.557351,0.949798,-0.312387,0.0155818,-0.00751097
3.9,0.382364,0.141452,0.557351,0.949798,-0.312387,0.0155818,-0.00751097
3.91,0.382364,0.141452,0.557351,0.949798,-0.312387,0.0155818,-0.00751097
3.92,0.382364,0.141452,0.557351,0.949798,-0.312387,0.0155818,-0.00751097
3.92,0.382364,0.141452,0.557351,0.949798,-0.312387,0.0155818,-0.00751097
3.92,0.382364,0.141452,0.557351,0.949798,-0.312387,0.0155818,-0.00751097
3.93,0.392033,0.1381,0.556578,0.948552,-0.316121,0.0135665,-0.0114705
3.94,0.392033,0.1381,0.556578,0.948552,-0.316121,0.0135665,-0.0114705
3.94,0.392033,0.1381,0.556578,0.948552,-0.316121,0.0135665,-0.0114705
3.94,0.392033,0.1381,0.556578,0.948552,-0.316121,0.0135665,-0.0114705
3.95,0.392033,0.1381,0.556578,0.948552,-0.316121,0.0135665,-0.0114705
3.96,0.392033,0.1381,0.556578,0.948552,-0.316121,0.0135665,-0.0114705
3.96,0.392033,0.1381,0.556578,0.948552,-0.316121,0.0135665,-0.0114705
3.97,0.392033,0.1381,0.556578,0.948552,-0.316121,0.0135665,-0.0114705
3.97,0.392033,0.1381,0.556578,0.948552,-0.316121,0.0135665,-0.0114705
3.98,0.392033,0.1381,0.556578,0.948552,-0.316121,0.0135665,-0.0114705
3.98,0.401401,0.133783,0.555252,0.947025,-0.320653,0.0104901,-0.0146763
3.98,0.401401,0.133783,0.555252,0.947025,-0.320653,0.0104901,-0.0146763
3.99,0.401401,0.133783,0.555252,0.947025,-0.320653,0.0104901,-0.0146763
4.0,0.401401,0.133783,0.555252,0.947025,-0.320653,0.0104901,-0.0146763
4.0,0.401401,0.133783,0.555252,0.947025,-0.320653,0.0104901,-0.0146763
4.0,0.401401,0.133783,0.555252,0.947025,-0.320653,0.0104901,-0.0146763
4.01,0.401401,0.133783,0.555252,0.947025,-0.320653,0.0104901,-0.0146763
4.01,0.401401,0.133783,0.555252,0.947025,-0.320653,0.0104901,-0.0146763
4.02,0.401401,0.133783,0.555252,0.947025,-0.320653,0.0104901,-0.0146763
4.03,0.401401,0.133783,0.555252,0.947025,-0.320653,0.0104901,-0.0146763
4.03,0.410576,0.128793,0.553623,0.945278,-0.325687,0.00811643,-0.0176337
4.04,0.410576,0.128793,0.553623,0.945278,-0.325687,0.00811643,-0.0176337
4.04,0.410576,0.128793,0.553623,0.945278,-0.325687,0.00811643,-0.0176337
4.04,0.410576,0.128793,0.553623,0.945278,-0.325687,0.00811643,-0.0176337
4.05,0.410576,0.128793,0.553623,0.945278,-0.325687,0.00811643,-0.0176337
4.06,0.410576,0.128793,0.553623,0.945278,-0.325687,0.00811643,-0.0176337
4.06,0.410576,0.128793,0.553623,0.945278,-0.325687,0.00811643,-0.0176337
4.07,0.410576,0.128793,0.553623,0.945278,-0.325687,0.00811643,-0.0176337
4.07,0.410576,0.128793,0.553623,0.945278,-0.325687,0.00811643,-0.0176337
4.08,0.410576,0.128793,0.553623,0.945278,-0.325687,0.00811643,-0.0176337
4.08,0.419431,0.123446,0.552105,0.94341,-0.330904,0.00705371,-0.0207497
4.08,0.419431,0.123446,0.552105,0.94341,-0.330904,0.00705371,-0.0207497
4.09,0.419431,0.123446,0.552105,0.94341,-0.330904,0.00705371,-0.0207497
4.1,0.419431,0.123446,0.552105,0.94341,-0.330904,0.00705371,-0.0207497
4.1,0.419431,0.123446,0.552105,0.94341,-0.330904,0.00705371,-0.0207497
4.11,0.419431,0.123446,0.552105,0.94341,-0.330904,0.00705371,-0.0207497
4.11,0.419431,0.123446,0.552105,0.94341,-0.330904,0.00705371,-0.0207497
4.12,0.419431,0.123446,0.552105,0.94341,-0.330904,0.00705371,-0.0207497
4.12,0.419431,0.123446,0.552105,0.94341,-0.330904,0.00705371,-0.0207497
4.12,0.419431,0.123446,0.552105,0.94341,-0.330904,0.00705371,-0.0207497
4.13,0.428055,0.117698,0.550583,0.941518,-0.336094,0.00687211,-0.0231707
4.14,0.428055,0.117698,0.550583,0.941518,-0.336094,0.00687211,-0.0231707
4.14,0.428055,0.117698,0.550583,0.941518,-0.336094,0.00687211,-0.0231707
4.15,0.428055,0.117698,0.550583,0.941518,-0.336094,0.00687211,-0.0231707
4.15,0.428055,0.117698,0.550583,0.941518,-0.336094,0.00687211,-0.0231707
4.16,0.428055,0.117698,0.550583,0.941518,-0.336094,0.00687211,-0.0231707
4.16,0.428055,0.117698,0.550583,0.941518,-0.336094,0.00687211,-0.0231707
4.16,0.428055,0.117698,0.550583,0.941518,-0.336094,0.00687211,-0.0231707
4.17,0.428055,0.117698,0.550583,0.941518,-0.336094,0.00687211,-0.0231707
4.18,0.428055,0.117698,0.550583,0.941518,-0.336094,0.00687211,-0.0231707
4.18,0.428055,0.117698,0.550583,0.941518,-0.336094,0.00687211,-0.0231707
4.19,0.436424,0.111649,0.549357,0.939542,-0.341383,0.00779788,-0.0256558
4.19,0.436424,0.111649,0.549357,0.939542,-0.341383,0.00779788,-0.0256558
4.2,0.436424,0.111649,0.549357,0.939542,-0.341383,0.00779788,-0.0256558
4.2,0.436424,0.111649,0.549357,0.939542,-0.341383,0.00779788,-0.0256558
4.2,0.436424,0.111649,0.549357,0.939542,-0.341383,0.00779788,-0.0256558
4.21,0.436424,0.111649,0.549357,0.939542,-0.341383,0.00779788,-0.0256558
4.22,0.436424,0.111649,0.549357,0.939542,-0.341383,0.00779788,-0.0256558
4.22,0.436424,0.111649,0.549357,0.939542,-0.341383,0.00779788,-0.0256558
4.22,0.436424,0.111649,0.549357,0.939542,-0.341383,0.00779788,-0.0256558
4.23,0.436424,0.111649,0.549357,0.939542,-0.341383,0.00779788,-0.0256558
4.24,0.444255,0.10554,0.548377,0.937618,-0.346449,0.00925527,-0.027563
4.24,0.444255,0.10554,0.548377,0.937618,-0.346449,0.00925527,-0.027563
4.24,0.444255,0.10554,0.548377,0.937618,-0.346449,0.00925527,-0.027563
4.25,0.444255,0.10554,0.548377,0.937618,-0.346449,0.00925527,-0.027563
4.26,0.444255,0.10554,0.548377,0.937618,-0.346449,0.00925527,-0.027563
4.26,0.444255,0.10554,0.548377,0.937618,-0.346449,0.00925527,-0.027563
4.26,0.444255,0.10554,0.548377,0.937618,-0.346449,0.00925527,-0.027563
4.27,0.444255,0.10554,0.548377,0.937618,-0.346449,0.00925527,-0.027563
4.28,0.444255,0.10554,0.548377,0.937618,-0.346449,0.00925527,-0.027563
4.28,0.444255,0.10554,0.548377,0.937618,-0.346449,0.00925527,-0.027563
4.28,0.451833,0.0989175,0.547846,0.935725,-0.351403,0.011274,-0.0284158
4.29,0.451833,0.0989175,0.547846,0.935725,-0.351403,0.011274,-0.0284158
4.3,0.451833,0.0989175,0.547846,0.935725,-0.351403,0.011274,-0.0284158
4.3,0.451833,0.0989175,0.547846,0.935725,-0.351403,0.011274,-0.0284158
4.3,0.451833,0.0989175,0.547846,0.935725,-0.351403,0.011274,-0.0284158
4.31,0.451833,0.0989175,0.547846,0.935725,-0.351403,0.011274,-0.0284158
4.32,0.451833,0.0989175,0.547846,0.935725,-0.351403,0.011274,-0.0284158
4.32,0.451833,0.0989175,0.547846,0.935725,-0.351403,0.011274,-0.0284158
4.32,0.451833,0.0989175,0.547846,0.935725,-0.351403,0.011274,-0.0284158
4.33,0.451833,0.0989175,0.547846,0.935725,-0.351403,0.011274,-0.0284158
4.34,0.458724,0.0917265,0.547282,0.933891,-0.356293,0.0120616,-0.027513
4.34,0.458724,0.0917265,0.547282,0.933891,-0.356293,0.0120616,-0.027513
4.34,0.458724,0.0917265,0.547282,0.933891,-0.356293,0.0120616,-0.027513
4.35,0.458724,0.0917265,0.547282,0.933891,-0.356293,0.0120616,-0.027513
4.36,0.458724,0.0917265,0.547282,0.933891,-0.356293,0.0120616,-0.027513
4.36,0.458724,0.0917265,0.547282,0.933891,-0.356293,0.0120616,-0.027513
4.36,0.458724,0.0917265,0.547282,0.933891,-0.356293,0.0120616,-0.027513
4.37,0.458724,0.0917265,0.547282,0.933891,-0.356293,0.0120616,-0.027513
4.38,0.458724,0.0917265,0.547282,0.933891,-0.356293,0.0120616,-0.027513
4.38,0.458724,0.0917265,0.547282,0.933891,-0.356293,0.0120616,-0.027513
4.38,0.465105,0.0837713,0.546946,0.931996,-0.361343,0.0126687,-0.0255747
4.39,0.465105,0.0837713,0.546946,0.931996,-0.361343,0.0126687,-0.0255747
4.4,0.465105,0.0837713,0.546946,0.931996,-0.361343,0.0126687,-0.0255747
4.4,0.465105,0.0837713,0.546946,0.931996,-0.361343,0.0126687,-0.0255747
4.4,0.465105,0.0837713,0.546946,0.931996,-0.361343,0.0126687,-0.0255747
4.41,0.465105,0.0837713,0.546946,0.931996,-0.361343,0.0126687,-0.0255747
4.42,0.465105,0.0837713,0.546946,0.931996,-0.361343,0.0126687,-0.0255747
4.42,0.465105,0.0837713,0.546946,0.931996,-0.361343,0.0126687,-0.0255747
4.42,0.465105,0.0837713,0.546946,0.931996,-0.361343,0.0126687,-0.0255747
4.43,0.465105,0.0837713,0.546946,0.931996,-0.361343,0.0126687,-0.0255747
4.44,0.471314,0.074556,0.547083,0.929944,-0.366758,0.0139382,-0.0223056
4.44,0.471314,0.074556,0.547083,0.929944,-0.366758,0.0139382,-0.0223056
4.44,0.471314,0.074556,0.547083,0.929944,-0.366758,0.0139382,-0.0223056
4.45,0.471314,0.074556,0.547083,0.929944,-0.366758,0.0139382,-0.0223056
4.46,0.471314,0.074556,0.547083,0.929944,-0.366758,0.0139382,-0.0223056
4.46,0.471314,0.074556,0.547083,0.929944,-0.366758,0.0139382,-0.0223056
4.46,0.471314,0.074556,0.547083,0.929944,-0.366758,0.0139382,-0.0223056
4.47,0.471314,0.074556,0.547083,0.929944,-0.366758,0.0139382,-0.0223056
4.48,0.471314,0.074556,0.547083,0.929944,-0.366758,0.0139382,-0.0223056
4.48,0.471314,0.074556,0.547083,0.929944,-0.366758,0.0139382,-0.0223056
4.49,0.477405,0.0639194,0.547464,0.927615,-0.372761,0.0158933,-0.0180676
4.49,0.477405,0.0639194,0.547464,0.927615,-0.372761,0.0158933,-0.0180676
4.5,0.477405,0.0639194,0.547464,0.927615,-0.372761,0.0158933,-0.0180676
4.5,0.477405,0.0639194,0.547464,0.927615,-0.372761,0.0158933,-0.0180676
4.5,0.477405,0.0639194,0.547464,0.927615,-0.372761,0.0158933,-0.0180676
4.51,0.477405,0.0639194,0.547464,0.927615,-0.372761,0.0158933,-0.0180676
4.51,0.477405,0.0639194,0.547464,0.927615,-0.372761,0.0158933,-0.0180676
4.52,0.477405,0.0639194,0.547464,0.927615,-0.372761,0.0158933,-0.0180676
4.53,0.477405,0.0639194,0.547464,0.927615,-0.372761,0.0158933,-0.0180676
4.53,0.477405,0.0639194,0.547464,0.927615,-0.372761,0.0158933,-0.0180676
4.54,0.477405,0.0639194,0.547464,0.927615,-0.372761,0.0158933,-0.0180676
4.54,0.483139,0.0526542,0.548143,0.925158,-0.378901,0.0183922,-0.0133855
4.54,0.483139,0.0526542,0.548143,0.925158,-0.378901,0.0183922,-0.0133855
4.55,0.483139,0.0526542,0.548143,0.925158,-0.378901,0.0183922,-0.0133855
4.56,0.483139,0.0526542,0.548143,0.925158,-0.378901,0.0183922,-0.0133855
4.56,0.483139,0.0526542,0.548143,0.925158,-0.378901,0.0183922,-0.0133855
4.57,0.483139,0.0526542,0.548143,0.925158,-0.378901,0.0183922,-0.0133855
4.57,0.483139,0.0526542,0.548143,0.925158,-0.378901,0.0183922,-0.0133855
4.58,0.483139,0.0526542,0.548143,0.925158,-0.378901,0.0183922,-0.0133855
4.58,0.483139,0.0526542,0.548143,0.925158,-0.378901,0.0183922,-0.0133855
4.58,0.483139,0.0526542,0.548143,0.925158,-0.378901,0.0183922,-0.0133855
4.59,0.48827,0.0410433,0.548944,0.922524,-0.385268,0.0209805,-0.00881221
4.6,0.48827,0.0410433,0.548944,0.922524,-0.385268,0.0209805,-0.00881221
4.6,0.48827,0.0410433,0.548944,0.922524,-0.385268,0.0209805,-0.00881221
4.61,0.48827,0.0410433,0.548944,0.922524,-0.385268,0.0209805,-0.00881221
4.61,0.48827,0.0410433,0.548944,0.922524,-0.385268,0.0209805,-0.00881221
4.62,0.48827,0.0410433,0.548944,0.922524,-0.385268,0.0209805,-0.00881221
4.62,0.48827,0.0410433,0.548944,0.922524,-0.385268,0.0209805,-0.00881221
4.62,0.48827,0.0410433,0.548944,0.922524,-0.385268,0.0209805,-0.00881221
4.63,0.48827,0.0410433,0.548944,0.922524,-0.385268,0.0209805,-0.00881221
4.64,0.48827,0.0410433,0.548944,0.922524,-0.385268,0.0209805,-0.00881221
4.64,0.492993,0.0286485,0.549649,0.919496,-0.392384,0.0232098,-0.00474822
4.65,0.492993,0.0286485,0.549649,0.919496,-0.392384,0.0232098,-0.00474822
4.65,0.492993,0.0286485,0.549649,0.919496,-0.392384,0.0232098,-0.00474822
4.66,0.492993,0.0286485,0.549649,0.919496,-0.392384,0.0232098,-0.00474822
4.66,0.492993,0.0286485,0.549649,0.919496,-0.392384,0.0232098,-0.00474822
4.66,0.492993,0.0286485,0.549649,0.919496,-0.392384,0.0232098,-0.00474822
4.67,0.492993,0.0286485,0.549649,0.919496,-0.392384,0.0232098,-0.00474822
4.68,0.492993,0.0286485,0.549649,0.919496,-0.392384,0.0232098,-0.00474822
4.68,0.492993,0.0286485,0.549649,0.919496,-0.392384,0.0232098,-0.00474822
4.69,0.492993,0.0286485,0.549649,0.919496,-0.392384,0.0232098,-0.00474822
4.69,0.496786,0.0170269,0.550042,0.916555,-0.39913,0.0248942,-0.00113879
4.7,0.496786,0.0170269,0.550042,0.916555,-0.39913,0.0248942,-0.00113879
4.7,0.496786,0.0170269,0.550042,0.916555,-0.39913,0.0248942,-0.00113879
4.7,0.496786,0.0170269,0.550042,0.916555,-0.39913,0.0248942,-0.00113879
4.71,0.496786,0.0170269,0.550042,0.916555,-0.39913,0.0248942,-0.00113879
4.72,0.496786,0.0170269,0.550042,0.916555,-0.39913,0.0248942,-0.00113879
4.72,0.496786,0.0170269,0.550042,0.916555,-0.39913,0.0248942,-0.00113879
4.73,0.496786,0.0170269,0.550042,0.916555,-0.39913,0.0248942,-0.00113879
4.73,0.496786,0.0170269,0.550042,0.916555,-0.39913,0.0248942,-0.00113879
4.74,0.496786,0.0170269,0.550042,0.916555,-0.39913,0.0248942,-0.00113879
4.74,0.49981,0.00547828,0.549725,0.913446,-0.406155,0.0255312,0.00184115
4.74,0.49981,0.00547828,0.549725,0.913446,-0.406155,0.0255312,0.00184115
4.75,0.49981,0.00547828,0.549725,0.913446,-0.406155,0.0255312,0.00184115
4.76,0.49981,0.00547828,0.549725,0.913446,-0.406155,0.0255312,0.00184115
4.76,0.49981,0.00547828,0.549725,0.913446,-0.406155,0.0255312,0.00184115
4.76,0.49981,0.00547828,0.549725,0.913446,-0.406155,0.0255312,0.00184115
4.77,0.49981,0.00547828,0.549725,0.913446,-0.406155,0.0255312,0.00184115
4.78,0.49981,0.00547828,0.549725,0.913446,-0.406155,0.0255312,0.00184115
4.78,0.49981,0.00547828,0.549725,0.913446,-0.406155,0.0255312,0.00184115
4.78,0.49981,0.00547828,0.549725,0.913446,-0.406155,0.0255312,0.00184115
4.79,0.502004,-0.00519426,0.549339,0.910404,-0.412897,0.0257637,0.00397936
4.8,0.502004,-0.00519426,0.549339,0.910404,-0.412897,0.0257637,0.00397936
4.8,0.502004,-0.00519426,0.549339,0.910404,-0.412897,0.0257637,0.00397936
4.8,0.502004,-0.00519426,0.549339,0.910404,-0.412897,0.0257637,0.00397936
4.81,0.502004,-0.00519426,0.549339,0.910404,-0.412897,0.0257637,0.00397936
4.82,0.502004,-0.00519426,0.549339,0.910404,-0.412897,0.0257637,0.00397936
4.82,0.502004,-0.00519426,0.549339,0.910404,-0.412897,0.0257637,0.00397936
4.82,0.502004,-0.00519426,0.549339,0.910404,-0.412897,0.0257637,0.00397936
4.83,0.502004,-0.00519426,0.549339,0.910404,-0.412897,0.0257637,0.00397936
4.84,0.502004,-0.00519426,0.549339,0.910404,-0.412897,0.0257637,0.00397936
4.84,0.503402,-0.015622,0.548434,0.90715,-0.42004,0.0249366,0.00484375
4.84,0.503402,-0.015622,0.548434,0.90715,-0.42004,0.0249366,0.00484375
4.85,0.503402,-0.015622,0.548434,0.90715,-0.42004,0.0249366,0.00484375
4.86,0.503402,-0.015622,0.548434,0.90715,-0.42004,0.0249366,0.00484375
4.86,0.503402,-0.015622,0.548434,0.90715,-0.42004,0.0249366,0.00484375
4.86,0.503402,-0.015622,0.548434,0.90715,-0.42004,0.0249366,0.00484375
4.87,0.503402,-0.015622,0.548434,0.90715,-0.42004,0.0249366,0.00484375
4.88,0.503402,-0.015622,0.548434,0.90715,-0.42004,0.0249366,0.00484375
4.88,0.503402,-0.015622,0.548434,0.90715,-0.42004,0.0249366,0.00484375
4.88,0.503402,-0.015622,0.548434,0.90715,-0.42004,0.0249366,0.00484375
4.89,0.504003,-0.0251245,0.547391,0.90386,-0.427158,0.0235147,0.0044898
4.9,0.504003,-0.0251245,0.547391,0.90386,-0.427158,0.0235147,0.0044898
4.9,0.504003,-0.0251245,0.547391,0.90386,-0.427158,0.0235147,0.0044898
4.9,0.504003,-0.0251245,0.547391,0.90386,-0.427158,0.0235147,0.0044898
4.91,0.504003,-0.0251245,0.547391,0.90386,-0.427158,0.0235147,0.0044898
4.92,0.504003,-0.0251245,0.547391,0.90386,-0.427158,0.0235147,0.0044898
4.92,0.504003,-0.0251245,0.547391,0.90386,-0.427158,0.0235147,0.0044898
4.92,0.504003,-0.0251245,0.547391,0.90386,-0.427158,0.0235147,0.0044898
4.93,0.504003,-0.0251245,0.547391,0.90386,-0.427158,0.0235147,0.0044898
4.94,0.504003,-0.0251245,0.547391,0.90386,-0.427158,0.0235147,0.0044898
4.94,0.504016,-0.0342293,0.546628,0.90041,-0.434471,0.0220686,0.00318298
4.94,0.504016,-0.0342293,0.546628,0.90041,-0.434471,0.0220686,0.00318298
4.95,0.504016,-0.0342293,0.546628,0.90041,-0.434471,0.0220686,0.00318298
4.96,0.504016,-0.0342293,0.546628,0.90041,-0.434471,0.0220686,0.00318298
4.96,0.504016,-0.0342293,0.546628,0.90041,-0.434471,0.0220686,0.00318298
4.96,0.504016,-0.0342293,0.546628,0.90041,-0.434471,0.0220686,0.00318298
4.97,0.504016,-0.0342293,0.546628,0.90041,-0.434471,0.0220686,0.00318298
4.98,0.504016,-0.0342293,0.546628,0.90041,-0.434471,0.0220686,0.00318298
4.98,0.504016,-0.0342293,0.546628,0.90041,-0.434471,0.0220686,0.00318298
4.99,0.504016,-0.0342293,0.546628,0.90041,-0.434471,0.0220686,0.00318298
4.99,0.503434,-0.0431858,0.546393,0.896855,-0.441815,0.0211684,0.0018043
5.0,0.503434,-0.0431858,0.546393,0.896855,-0.441815,0.0211684,0.0018043
5.0,0.503434,-0.0431858,0.546393,0.896855,-0.441815,0.0211684,0.0018043
5.0,0.503434,-0.0431858,0.546393,0.896855,-0.441815,0.0211684,0.0018043
5.01,0.503434,-0.0431858,0.546393,0.896855,-0.441815,0.0211684,0.0018043
5.01,0.503434,-0.0431858,0.546393,0.896855,-0.441815,0.0211684,0.0018043
5.02,0.503434,-0.0431858,0.546393,0.896855,-0.441815,0.0211684,0.0018043
5.03,0.503434,-0.0431858,0.546393,0.896855,-0.441815,0.0211684,0.0018043
5.03,0.503434,-0.0431858,0.546393,0.896855,-0.441815,0.0211684,0.0018043
5.04,0.503434,-0.0431858,0.546393,0.896855,-0.441815,0.0211684,0.0018043
5.04,0.503434,-0.0431858,0.546393,0.896855,-0.441815,0.0211684,0.0018043
5.04,0.5024,-0.0520965,0.546716,0.893214,-0.449154,0.0207467,0.000495962
5.05,0.5024,-0.0520965,0.546716,0.893214,-0.449154,0.0207467,0.000495962
5.06,0.5024,-0.0520965,0.546716,0.893214,-0.449154,0.0207467,0.000495962
5.06,0.5024,-0.0520965,0.546716,0.893214,-0.449154,0.0207467,0.000495962
5.07,0.5024,-0.0520965,0.546716,0.893214,-0.449154,0.0207467,0.000495962
5.07,0.5024,-0.0520965,0.546716,0.893214,-0.449154,0.0207467,0.000495962
5.08,0.5024,-0.0520965,0.546716,0.893214,-0.449154,0.0207467,0.000495962
5.08,0.5024,-0.0520965,0.546716,0.893214,-0.449154,0.0207467,0.000495962
5.08,0.5024,-0.0520965,0.546716,0.893214,-0.449154,0.0207467,0.000495962
5.09,0.5024,-0.0520965,0.546716,0.893214,-0.449154,0.0207467,0.000495962
5.1,0.50103,-0.0613781,0.547251,0.889385,-0.456695,0.020564,-0.000553485
5.1,0.50103,-0.0613781,0.547251,0.889385,-0.456695,0.020564,-0.000553485
5.11,0.50103,-0.0613781,0.547251,0.889385,-0.456695,0.020564,-0.000553485
5.11,0.50103,-0.0613781,0.547251,0.889385,-0.456695,0.020564,-0.000553485
5.12,0.50103,-0.0613781,0.547251,0.889385,-0.456695,0.020564,-0.000553485
5.12,0.50103,-0.0613781,0.547251,0.889385,-0.456695,0.020564,-0.000553485
5.12,0.50103,-0.0613781,0.547251,0.889385,-0.456695,0.020564,-0.000553485
5.13,0.50103,-0.0613781,0.547251,0.889385,-0.456695,0.020564,-0.000553485
5.14,0.50103,-0.0613781,0.547251,0.889385,-0.456695,0.020564,-0.000553485
5.14,0.50103,-0.0613781,0.547251,0.889385,-0.456695,0.020564,-0.000553485
5.14,0.499424,-0.070888,0.547915,0.88549,-0.464192,0.0207954,-0.00110014
5.15,0.499424,-0.070888,0.547915,0.88549,-0.464192,0.0207954,-0.00110014
5.16,0.499424,-0.070888,0.547915,0.88549,-0.464192,0.0207954,-0.00110014
5.16,0.499424,-0.070888,0.547915,0.88549,-0.464192,0.0207954,-0.00110014
5.16,0.499424,-0.070888,0.547915,0.88549,-0.464192,0.0207954,-0.00110014
5.17,0.499424,-0.070888,0.547915,0.88549,-0.464192,0.0207954,-0.00110014
5.18,0.499424,-0.070888,0.547915,0.88549,-0.464192,0.0207954,-0.00110014
5.18,0.499424,-0.070888,0.547915,0.88549,-0.464192,0.0207954,-0.00110014
5.18,0.499424,-0.070888,0.547915,0.88549,-0.464192,0.0207954,-0.00110014
5.19,0.499424,-0.070888,0.547915,0.88549,-0.464192,0.0207954,-0.00110014
5.2,0.497631,-0.080689,0.548566,0.881566,-0.471574,0.0214163,-0.000804472
5.2,0.497631,-0.080689,0.548566,0.881566,-0.471574,0.0214163,-0.000804472
5.2,0.497631,-0.080689,0.548566,0.881566,-0.471574,0.0214163,-0.000804472
5.21,0.497631,-0.080689,0.548566,0.881566,-0.471574,0.0214163,-0.000804472
5.22,0.497631,-0.080689,0.548566,0.881566,-0.471574,0.0214163,-0.000804472
5.22,0.497631,-0.080689,0.548566,0.881566,-0.471574,0.0214163,-0.000804472
5.22,0.497631,-0.080689,0.548566,0.881566,-0.471574,0.0214163,-0.000804472
5.23,0.497631,-0.080689,0.548566,0.881566,-0.471574,0.0214163,-0.000804472
5.24,0.497631,-0.080689,0.548566,0.881566,-0.471574,0.0214163,-0.000804472
5.24,0.497631,-0.080689,0.548566,0.881566,-0.471574,0.0214163,-0.000804472
5.24,0.495508,-0.0911899,0.549177,0.877451,-0.47915,0.022235,0.000413234
5.25,0.495508,-0.0911899,0.549177,0.877451,-0.47915,0.022235,0.000413234
5.26,0.495508,-0.0911899,0.549177,0.877451,-0.47915,0.022235,0.000413234
5.26,0.495508,-0.0911899,0.549177,0.877451,-0.47915,0.022235,0.000413234
5.26,0.495508,-0.0911899,0.549177,0.877451,-0.47915,0.022235,0.000413234
5.27,0.495508,-0.0911899,0.549177,0.877451,-0.47915,0.022235,0.000413234
5.28,0.495508,-0.0911899,0.549177,0.877451,-0.47915,0.022235,0.000413234
5.28,0.495508,-0.0911899,0.549177,0.877451,-0.47915,0.022235,0.000413234
5.28,0.495508,-0.0911899,0.549177,0.877451,-0.47915,0.022235,0.000413234
5.29,0.495508,-0.0911899,0.549177,0.877451,-0.47915,0.022235,0.000413234
5.3,0.493108,-0.101933,0.549674,0.873066,-0.487073,0.0226669,0.0012206
5.3,0.493108,-0.101933,0.549674,0.873066,-0.487073,0.0226669,0.0012206
5.3,0.493108,-0.101933,0.549674,0.873066,-0.487073,0.0226669,0.0012206
5.31,0.493108,-0.101933,0.549674,0.873066,-0.487073,0.0226669,0.0012206
5.32,0.493108,-0.101933,0.549674,0.873066,-0.487073,0.0226669,0.0012206
5.32,0.493108,-0.101933,0.549674,0.873066,-0.487073,0.0226669,0.0012206
5.32,0.493108,-0.101933,0.549674,0.873066,-0.487073,0.0226669,0.0012206
5.33,0.493108,-0.101933,0.549674,0.873066,-0.487073,0.0226669,0.0012206
5.34,0.493108,-0.101933,0.549674,0.873066,-0.487073,0.0226669,0.0012206
5.34,0.493108,-0.101933,0.549674,0.873066,-0.487073,0.0226669,0.0012206
5.34,0.490305,-0.11309,0.54988,0.868307,-0.495522,0.0223151,0.00168503
5.35,0.490305,-0.11309,0.54988,0.868307,-0.495522,0.0223151,0.00168503
5.36,0.490305,-0.11309,0.54988,0.868307,-0.495522,0.0223151,0.00168503
5.36,0.490305,-0.11309,0.54988,0.868307,-0.495522,0.0223151,0.00168503
5.36,0.490305,-0.11309,0.54988,0.868307,-0.495522,0.0223151,0.00168503
5.37,0.490305,-0.11309,0.54988,0.868307,-0.495522,0.0223151,0.00168503
5.38,0.490305,-0.11309,0.54988,0.868307,-0.495522,0.0223151,0.00168503
5.38,0.490305,-0.11309,0.54988,0.868307,-0.495522,0.0223151,0.00168503
5.38,0.490305,-0.11309,0.54988,0.868307,-0.495522,0.0223151,0.00168503
5.39,0.490305,-0.11309,0.54988,0.868307,-0.495522,0.0223151,0.00168503
5.4,0.48697,-0.123796,0.549662,0.863599,-0.503759,0.0204517,0.00243479
5.4,0.48697,-0.123796,0.549662,0.863599,-0.503759,0.0204517,0.00243479
5.4,0.48697,-0.123796,0.549662,0.863599,-0.503759,0.0204517,0.00243479
5.41,0.48697,-0.123796,0.549662,0.863599,-0.503759,0.0204517,0.00243479
5.42,0.48697,-0.123796,0.549662,0.863599,-0.503759,0.0204517,0.00243479
5.42,0.48697,-0.123796,0.549662,0.863599,-0.503759,0.0204517,0.00243479
5.42,0.48697,-0.123796,0.549662,0.863599,-0.503759,0.0204517,0.00243479
5.43,0.48697,-0.123796,0.549662,0.863599,-0.503759,0.0204517,0.00243479
5.44,0.48697,-0.123796,0.549662,0.863599,-0.503759,0.0204517,0.00243479
5.44,0.48697,-0.123796,0.549662,0.863599,-0.503759,0.0204517,0.00243479
5.44,0.48311,-0.13401,0.549294,0.858937,-0.511749,0.0181651,0.00323963
5.45,0.48311,-0.13401,0.549294,0.858937,-0.511749,0.0181651,0.00323963
5.46,0.48311,-0.13401,0.549294,0.858937,-0.511749,0.0181651,0.00323963
5.46,0.48311,-0.13401,0.549294,0.858937,-0.511749,0.0181651,0.00323963
5.46,0.48311,-0.13401,0.549294,0.858937,-0.511749,0.0181651,0.00323963
5.47,0.48311,-0.13401,0.549294,0.858937,-0.511749,0.0181651,0.00323963
5.48,0.48311,-0.13401,0.549294,0.858937,-0.511749,0.0181651,0.00323963
5.48,0.48311,-0.13401,0.549294,0.858937,-0.511749,0.0181651,0.00323963
5.48,0.48311,-0.13401,0.549294,0.858937,-0.511749,0.0181651,0.00323963
5.49,0.48311,-0.13401,0.549294,0.858937,-0.511749,0.0181651,0.00323963
5.5,0.48311,-0.13401,0.549294,0.858937,-0.511749,0.0181651,0.00323963
5.5,0.478739,-0.144094,0.549168,0.853923,-0.520111,0.017117,0.00251589
5.5,0.478739,-0.144094,0.549168,0.853923,-0.520111,0.017117,0.00251589
5.51,0.478739,-0.144094,0.549168,0.853923,-0.520111,0.017117,0.00251589
5.52,0.478739,-0.144094,0.549168,0.853923,-0.520111,0.017117,0.00251589
5.52,0.478739,-0.144094,0.549168,0.853923,-0.520111,0.017117,0.00251589
5.52,0.478739,-0.144094,0.549168,0.853923,-0.520111,0.017117,0.00251589
5.53,0.478739,-0.144094,0.549168,0.853923,-0.520111,0.017117,0.00251589
5.54,0.478739,-0.144094,0.549168,0.853923,-0.520111,0.017117,0.00251589
5.54,0.478739,-0.144094,0.549168,0.853923,-0.520111,0.017117,0.00251589
5.54,0.478739,-0.144094,0.549168,0.853923,-0.520111,0.017117,0.00251589
5.55,0.473944,-0.153525,0.549269,0.848942,-0.528229,0.0164734,0.00119394
5.56,0.473944,-0.153525,0.549269,0.848942,-0.528229,0.0164734,0.00119394
5.56,0.473944,-0.153525,0.549269,0.848942,-0.528229,0.0164734,0.00119394
5.56,0.473944,-0.153525,0.549269,0.848942,-0.528229,0.0164734,0.00119394
5.57,0.473944,-0.153525,0.549269,0.848942,-0.528229,0.0164734,0.00119394
5.58,0.473944,-0.153525,0.549269,0.848942,-0.528229,0.0164734,0.00119394
5.58,0.473944,-0.153525,0.549269,0.848942,-0.528229,0.0164734,0.00119394
5.58,0.473944,-0.153525,0.549269,0.848942,-0.528229,0.0164734,0.00119394
5.59,0.473944,-0.153525,0.549269,0.848942,-0.528229,0.0164734,0.00119394
5.6,0.473944,-0.153525,0.549269,0.848942,-0.528229,0.0164734,0.00119394
5.6,0.468761,-0.16228,0.549699,0.844102,-0.535946,0.0159247,-0.000205269
5.6,0.468761,-0.16228,0.549699,0.844102,-0.535946,0.0159247,-0.000205269
5.61,0.468761,-0.16228,0.549699,0.844102,-0.535946,0.0159247,-0.000205269
5.62,0.468761,-0.16228,0.549699,0.844102,-0.535946,0.0159247,-0.000205269
5.62,0.468761,-0.16228,0.549699,0.844102,-0.535946,0.0159247,-0.000205269
5.62,0.468761,-0.16228,0.549699,0.844102,-0.535946,0.0159247,-0.000205269
5.63,0.468761,-0.16228,0.549699,0.844102,-0.535946,0.0159247,-0.000205269
5.64,0.468761,-0.16228,0.549699,0.844102,-0.535946,0.0159247,-0.000205269
5.64,0.468761,-0.16228,0.549699,0.844102,-0.535946,0.0159247,-0.000205269
5.64,0.468761,-0.16228,0.549699,0.844102,-0.535946,0.0159247,-0.000205269
5.65,0.462726,-0.170479,0.549997,0.839261,-0.543514,0.0151593,-0.0018242
5.66,0.462726,-0.170479,0.549997,0.839261,-0.543514,0.0151593,-0.0018242
5.66,0.462726,-0.170479,0.549997,0.839261,-0.543514,0.0151593,-0.0018242
5.66,0.462726,-0.170479,0.549997,0.839261,-0.543514,0.0151593,-0.0018242
5.67,0.462726,-0.170479,0.549997,0.839261,-0.543514,0.0151593,-0.0018242
5.68,0.462726,-0.170479,0.549997,0.839261,-0.543514,0.0151593,-0.0018242
5.68,0.462726,-0.170479,0.549997,0.839261,-0.543514,0.0151593,-0.0018242
5.68,0.462726,-0.170479,0.549997,0.839261,-0.543514,0.0151593,-0.0018242
5.69,0.462726,-0.170479,0.549997,0.839261,-0.543514,0.0151593,-0.0018242
5.7,0.462726,-0.170479,0.549997,0.839261,-0.543514,0.0151593,-0.0018242
5.7,0.455786,-0.178431,0.550326,0.834273,-0.551148,0.0144816,-0.00378286
5.7,0.455786,-0.178431,0.550326,0.834273,-0.551148,0.0144816,-0.00378286
5.71,0.455786,-0.178431,0.550326,0.834273,-0.551148,0.0144816,-0.00378286
5.72,0.455786,-0.178431,0.550326,0.834273,-0.551148,0.0144816,-0.00378286
5.72,0.455786,-0.178431,0.550326,0.834273,-0.551148,0.0144816,-0.00378286
5.72,0.455786,-0.178431,0.550326,0.834273,-0.551148,0.0144816,-0.00378286
5.73,0.455786,-0.178431,0.550326,0.834273,-0.551148,0.0144816,-0.00378286
5.74,0.455786,-0.178431,0.550326,0.834273,-0.551148,0.0144816,-0.00378286
5.74,0.455786,-0.178431,0.550326,0.834273,-0.551148,0.0144816,-0.00378286
5.74,0.455786,-0.178431,0.550326,0.834273,-0.551148,0.0144816,-0.00378286
5.75,0.447982,-0.18624,0.55053,0.829094,-0.558911,0.0136188,-0.00600466
5.76,0.447982,-0.18624,0.55053,0.829094,-0.558911,0.0136188,-0.00600466
5.76,0.447982,-0.18624,0.55053,0.829094,-0.558911,0.0136188,-0.00600466
5.76,0.447982,-0.18624,0.55053,0.829094,-0.558911,0.0136188,-0.00600466
5.77,0.447982,-0.18624,0.55053,0.829094,-0.558911,0.0136188,-0.00600466
5.78,0.447982,-0.18624,0.55053,0.829094,-0.558911,0.0136188,-0.00600466
5.78,0.447982,-0.18624,0.55053,0.829094,-0.558911,0.0136188,-0.00600466
5.78,0.447982,-0.18624,0.55053,0.829094,-0.558911,0.0136188,-0.00600466
5.79,0.447982,-0.18624,0.55053,0.829094,-0.558911,0.0136188,-0.00600466
5.8,0.447982,-0.18624,0.55053,0.829094,-0.558911,0.0136188,-0.00600466
5.8,0.439431,-0.1933,0.550683,0.824039,-0.566329,0.0126583,-0.00846283
5.8,0.439431,-0.1933,0.550683,0.824039,-0.566329,0.0126583,-0.00846283
5.81,0.439431,-0.1933,0.550683,0.824039,-0.566329,0.0126583,-0.00846283
5.82,0.439431,-0.1933,0.550683,0.824039,-0.566329,0.0126583,-0.00846283
5.82,0.439431,-0.1933,0.550683,0.824039,-0.566329,0.0126583,-0.00846283
5.82,0.439431,-0.1933,0.550683,0.824039,-0.566329,0.0126583,-0.00846283
5.83,0.439431,-0.1933,0.550683,0.824039,-0.566329,0.0126583,-0.00846283
5.84,0.439431,-0.1933,0.550683,0.824039,-0.566329,0.0126583,-0.00846283
5.84,0.439431,-0.1933,0.550683,0.824039,-0.566329,0.0126583,-0.00846283
5.84,0.439431,-0.1933,0.550683,0.824039,-0.566329,0.0126583,-0.00846283
5.85,0.429901,-0.20011,0.550878,0.818813,-0.573825,0.0118453,-0.0113762
5.86,0.429901,-0.20011,0.550878,0.818813,-0.573825,0.0118453,-0.0113762
5.86,0.429901,-0.20011,0.550878,0.818813,-0.573825,0.0118453,-0.0113762
5.86,0.429901,-0.20011,0.550878,0.818813,-0.573825,0.0118453,-0.0113762
5.87,0.429901,-0.20011,0.550878,0.818813,-0.573825,0.0118453,-0.0113762
5.88,0.429901,-0.20011,0.550878,0.818813,-0.573825,0.0118453,-0.0113762
5.88,0.429901,-0.20011,0.550878,0.818813,-0.573825,0.0118453,-0.0113762
5.88,0.429901,-0.20011,0.550878,0.818813,-0.573825,0.0118453,-0.0113762
5.89,0.429901,-0.20011,0.550878,0.818813,-0.573825,0.0118453,-0.0113762
5.9,0.429901,-0.20011,0.550878,0.818813,-0.573825,0.0118453,-0.0113762
5.9,0.420018,-0.206048,0.550998,0.813906,-0.580715,0.0110188,-0.0143053
5.9,0.420018,-0.206048,0.550998,0.813906,-0.580715,0.0110188,-0.0143053
5.91,0.420018,-0.206048,0.550998,0.813906,-0.580715,0.0110188,-0.0143053
5.92,0.420018,-0.206048,0.550998,0.813906,-0.580715,0.0110188,-0.0143053
5.92,0.420018,-0.206048,0.550998,0.813906,-0.580715,0.0110188,-0.0143053
5.92,0.420018,-0.206048,0.550998,0.813906,-0.580715,0.0110188,-0.0143053
5.93,0.420018,-0.206048,0.550998,0.813906,-0.580715,0.0110188,-0.0143053
5.94,0.420018,-0.206048,0.550998,0.813906,-0.580715,0.0110188,-0.0143053
5.94,0.420018,-0.206048,0.550998,0.813906,-0.580715,0.0110188,-0.0143053
5.94,0.420018,-0.206048,0.550998,0.813906,-0.580715,0.0110188,-0.0143053
5.95,0.409559,-0.211163,0.5514,0.809362,-0.586981,0.010094,-0.0168348
5.96,0.409559,-0.211163,0.5514,0.809362,-0.586981,0.010094,-0.0168348
5.96,0.409559,-0.211163,0.5514,0.809362,-0.586981,0.010094,-0.0168348
5.96,0.409559,-0.211163,0.5514,0.809362,-0.586981,0.010094,-0.0168348
5.97,0.409559,-0.211163,0.5514,0.809362,-0.586981,0.010094,-0.0168348
5.98,0.409559,-0.211163,0.5514,0.809362,-0.586981,0.010094,-0.0168348
5.98,0.409559,-0.211163,0.5514,0.809362,-0.586981,0.010094,-0.0168348
5.98,0.409559,-0.211163,0.5514,0.809362,-0.586981,0.010094,-0.0168348
5.99,0.409559,-0.211163,0.5514,0.809362,-0.586981,0.010094,-0.0168348
6.0,0.409559,-0.211163,0.5514,0.809362,-0.586981,0.010094,-0.0168348
6.0,0.409559,-0.211163,0.5514,0.809362,-0.586981,0.010094,-0.0168348
6.0,0.398771,-0.216074,0.552058,0.805195,-0.592659,0.00956703,-0.0180227
6.01,0.398771,-0.216074,0.552058,0.805195,-0.592659,0.00956703,-0.0180227
6.02,0.398771,-0.216074,0.552058,0.805195,-0.592659,0.00956703,-0.0180227
6.02,0.398771,-0.216074,0.552058,0.805195,-0.592659,0.00956703,-0.0180227
6.02,0.398771,-0.216074,0.552058,0.805195,-0.592659,0.00956703,-0.0180227
6.03,0.398771,-0.216074,0.552058,0.805195,-0.592659,0.00956703,-0.0180227
6.04,0.398771,-0.216074,0.552058,0.805195,-0.592659,0.00956703,-0.0180227
6.04,0.398771,-0.216074,0.552058,0.805195,-0.592659,0.00956703,-0.0180227
6.04,0.398771,-0.216074,0.552058,0.805195,-0.592659,0.00956703,-0.0180227
6.05,0.398771,-0.216074,0.552058,0.805195,-0.592659,0.00956703,-0.0180227
6.06,0.387986,-0.221252,0.553037,0.801781,-0.597313,0.0108297,-0.0157033
6.06,0.387986,-0.221252,0.553037,0.801781,-0.597313,0.0108297,-0.0157033
6.06,0.387986,-0.221252,0.553037,0.801781,-0.597313,0.0108297,-0.0157033
6.07,0.387986,-0.221252,0.553037,0.801781,-0.597313,0.0108297,-0.0157033
6.08,0.387986,-0.221252,0.553037,0.801781,-0.597313,0.0108297,-0.0157033
6.08,0.387986,-0.221252,0.553037,0.801781,-0.597313,0.0108297,-0.0157033
6.08,0.387986,-0.221252,0.553037,0.801781,-0.597313,0.0108297,-0.0157033
6.09,0.387986,-0.221252,0.553037,0.801781,-0.597313,0.0108297,-0.0157033
6.1,0.387986,-0.221252,0.553037,0.801781,-0.597313,0.0108297,-0.0157033
6.1,0.387986,-0.221252,0.553037,0.801781,-0.597313,0.0108297,-0.0157033
6.1,0.376721,-0.226528,0.55409,0.799159,-0.600911,0.0127308,-0.00940666
6.11,0.376721,-0.226528,0.55409,0.799159,-0.600911,0.0127308,-0.00940666
6.12,0.376721,-0.226528,0.55409,0.799159,-0.600911,0.0127308,-0.00940666
6.12,0.376721,-0.226528,0.55409,0.799159,-0.600911,0.0127308,-0.00940666
6.12,0.376721,-0.226528,0.55409,0.799159,-0.600911,0.0127308,-0.00940666
6.13,0.376721,-0.226528,0.55409,0.799159,-0.600911,0.0127308,-0.00940666
6.14,0.376721,-0.226528,0.55409,0.799159,-0.600911,0.0127308,-0.00940666
6.14,0.376721,-0.226528,0.55409,0.799159,-0.600911,0.0127308,-0.00940666
6.14,0.376721,-0.226528,0.55409,0.799159,-0.600911,0.0127308,-0.00940666
6.15,0.376721,-0.226528,0.55409,0.799159,-0.600911,0.0127308,-0.00940666
6.16,0.364983,-0.23202,0.555295,0.797008,-0.603783,0.0149621,0.000214756
6.16,0.364983,-0.23202,0.555295,0.797008,-0.603783,0.0149621,0.000214756
6.16,0.364983,-0.23202,0.555295,0.797008,-0.603783,0.0149621,0.000214756
6.17,0.364983,-0.23202,0.555295,0.797008,-0.603783,0.0149621,0.000214756
6.18,0.364983,-0.23202,0.555295,0.797008,-0.603783,0.0149621,0.000214756
6.18,0.364983,-0.23202,0.555295,0.797008,-0.603783,0.0149621,0.000214756
6.18,0.364983,-0.23202,0.555295,0.797008,-0.603783,0.0149621,0.000214756
6.19,0.364983,-0.23202,0.555295,0.797008,-0.603783,0.0149621,0.000214756
6.2,0.364983,-0.23202,0.555295,0.797008,-0.603783,0.0149621,0.000214756
6.2,0.364983,-0.23202,0.555295,0.797008,-0.603783,0.0149621,0.000214756
6.2,0.353062,-0.236881,0.556584,0.795402,-0.605735,0.016766,0.0118036
6.21,0.353062,-0.236881,0.556584,0.795402,-0.605735,0.016766,0.0118036
6.22,0.353062,-0.236881,0.556584,0.795402,-0.605735,0.016766,0.0118036
6.22,0.353062,-0.236881,0.556584,0.795402,-0.605735,0.016766,0.0118036
6.22,0.353062,-0.236881,0.556584,0.795402,-0.605735,0.016766,0.0118036
6.23,0.353062,-0.236881,0.556584,0.795402,-0.605735,0.016766,0.0118036
6.24,0.353062,-0.236881,0.556584,0.795402,-0.605735,0.016766,0.0118036
6.24,0.353062,-0.236881,0.556584,0.795402,-0.605735,0.016766,0.0118036
6.24,0.353062,-0.236881,0.556584,0.795402,-0.605735,0.016766,0.0118036
6.25,0.353062,-0.236881,0.556584,0.795402,-0.605735,0.016766,0.0118036
6.26,0.341443,-0.241088,0.558082,0.793912,-0.607289,0.0197546,0.0226727
6.26,0.341443,-0.241088,0.558082,0.793912,-0.607289,0.0197546,0.0226727
6.26,0.341443,-0.241088,0.558082,0.793912,-0.607289,0.0197546,0.0226727
6.27,0.341443,-0.241088,0.558082,0.793912,-0.607289,0.0197546,0.0226727
6.28,0.341443,-0.241088,0.558082,0.793912,-0.607289,0.0197546,0.0226727
6.28,0.341443,-0.241088,0.558082,0.793912,-0.607289,0.0197546,0.0226727
6.28,0.341443,-0.241088,0.558082,0.793912,-0.607289,0.0197546,0.0226727
6.29,0.341443,-0.241088,0.558082,0.793912,-0.607289,0.0197546,0.0226727
6.3,0.341443,-0.241088,0.558082,0.793912,-0.607289,0.0197546,0.0226727
6.3,0.341443,-0.241088,0.558082,0.793912,-0.607289,0.0197546,0.0226727
6.3,0.330221,-0.243806,0.559423,0.792587,-0.608548,0.0231043,0.0306969
6.31,0.330221,-0.243806,0.559423,0.792587,-0.608548,0.0231043,0.0306969
6.32,0.330221,-0.243806,0.559423,0.792587,-0.608548,0.0231043,0.0306969
6.32,0.330221,-0.243806,0.559423,0.792587,-0.608548,0.0231043,0.0306969
6.32,0.330221,-0.243806,0.559423,0.792587,-0.608548,0.0231043,0.0306969
6.33,0.330221,-0.243806,0.559423,0.792587,-0.608548,0.0231043,0.0306969
6.34,0.330221,-0.243806,0.559423,0.792587,-0.608548,0.0231043,0.0306969
6.34,0.330221,-0.243806,0.559423,0.792587,-0.608548,0.0231043,0.0306969
6.34,0.330221,-0.243806,0.559423,0.792587,-0.608548,0.0231043,0.0306969
6.35,0.330221,-0.243806,0.559423,0.792587,-0.608548,0.0231043,0.0306969
6.36,0.31896,-0.244579,0.560013,0.791424,-0.60977,0.0246773,0.0349367
6.36,0.31896,-0.244579,0.560013,0.791424,-0.60977,0.0246773,0.0349367
6.36,0.31896,-0.244579,0.560013,0.791424,-0.60977,0.0246773,0.0349367
6.37,0.31896,-0.244579,0.560013,0.791424,-0.60977,0.0246773,0.0349367
6.38,0.31896,-0.244579,0.560013,0.791424,-0.60977,0.0246773,0.0349367
6.38,0.31896,-0.244579,0.560013,0.791424,-0.60977,0.0246773,0.0349367
6.38,0.31896,-0.244579,0.560013,0.791424,-0.60977,0.0246773,0.0349367
6.39,0.31896,-0.244579,0.560013,0.791424,-0.60977,0.0246773,0.0349367
6.4,0.31896,-0.244579,0.560013,0.791424,-0.60977,0.0246773,0.0349367
6.4,0.31896,-0.244579,0.560013,0.791424,-0.60977,0.0246773,0.0349367
6.4,0.31896,-0.244579,0.560013,0.791424,-0.60977,0.0246773,0.0349367
6.41,0.308142,-0.242921,0.55996,0.790675,-0.610764,0.0242095,0.0348382
6.42,0.308142,-0.242921,0.55996,0.790675,-0.610764,0.0242095,0.0348382
6.42,0.308142,-0.242921,0.55996,0.790675,-0.610764,0.0242095,0.0348382
6.42,0.308142,-0.242921,0.55996,0.790675,-0.610764,0.0242095,0.0348382
6.43,0.308142,-0.242921,0.55996,0.790675,-0.610764,0.0242095,0.0348382
6.44,0.308142,-0.242921,0.55996,0.790675,-0.610764,0.0242095,0.0348382
6.44,0.308142,-0.242921,0.55996,0.790675,-0.610764,0.0242095,0.0348382
6.44,0.308142,-0.242921,0.55996,0.790675,-0.610764,0.0242095,0.0348382
6.45,0.308142,-0.242921,0.55996,0.790675,-0.610764,0.0242095,0.0348382
6.46,0.308142,-0.242921,0.55996,0.790675,-0.610764,0.0242095,0.0348382
6.46,0.297718,-0.239345,0.559573,0.790264,-0.611567,0.0226526,0.0309243
6.46,0.297718,-0.239345,0.559573,0.790264,-0.611567,0.0226526,0.0309243
6.47,0.297718,-0.239345,0.559573,0.790264,-0.611567,0.0226526,0.0309243
6.48,0.297718,-0.239345,0.559573,0.790264,-0.611567,0.0226526,0.0309243
6.48,0.297718,-0.239345,0.559573,0.790264,-0.611567,0.0226526,0.0309243
6.48,0.297718,-0.239345,0.559573,0.790264,-0.611567,0.0226526,0.0309243
6.49,0.297718,-0.239345,0.559573,0.790264,-0.611567,0.0226526,0.0309243
6.5,0.297718,-0.239345,0.559573,0.790264,-0.611567,0.0226526,0.0309243
6.5,0.297718,-0.239345,0.559573,0.790264,-0.611567,0.0226526,0.0309243
6.5,0.297718,-0.239345,0.559573,0.790264,-0.611567,0.0226526,0.0309243
6.51,0.287414,-0.2345,0.558994,0.790448,-0.611607,0.0196217,0.0272753
6.52,0.287414,-0.2345,0.558994,0.790448,-0.611607,0.0196217,0.0272753
6.52,0.287414,-0.2345,0.558994,0.790448,-0.611607,0.0196217,0.0272753
6.52,0.287414,-0.2345,0.558994,0.790448,-0.611607,0.0196217,0.0272753
6.53,0.287414,-0.2345,0.558994,0.790448,-0.611607,0.0196217,0.0272753
6.54,0.287414,-0.2345,0.558994,0.790448,-0.611607,0.0196217,0.0272753
6.54,0.287414,-0.2345,0.558994,0.790448,-0.611607,0.0196217,0.0272753
6.54,0.287414,-0.2345,0.558994,0.790448,-0.611607,0.0196217,0.0272753
6.55,0.287414,-0.2345,0.558994,0.790448,-0.611607,0.0196217,0.0272753
6.56,0.287414,-0.2345,0.558994,0.790448,-0.611607,0.0196217,0.0272753
6.56,0.277341,-0.228671,0.558334,0.791201,-0.610863,0.0160457,0.0242946
6.56,0.277341,-0.228671,0.558334,0.791201,-0.610863,0.0160457,0.0242946
6.57,0.277341,-0.228671,0.558334,0.791201,-0.610863,0.0160457,0.0242946
6.58,0.277341,-0.228671,0.558334,0.791201,-0.610863,0.0160457,0.0242946
6.58,0.277341,-0.228671,0.558334,0.791201,-0.610863,0.0160457,0.0242946
6.58,0.277341,-0.228671,0.558334,0.791201,-0.610863,0.0160457,0.0242946
6.59,0.277341,-0.228671,0.558334,0.791201,-0.610863,0.0160457,0.0242946
6.6,0.277341,-0.228671,0.558334,0.791201,-0.610863,0.0160457,0.0242946
6.6,0.277341,-0.228671,0.558334,0.791201,-0.610863,0.0160457,0.0242946
6.6,0.277341,-0.228671,0.558334,0.791201,-0.610863,0.0160457,0.0242946
6.61,0.267375,-0.222116,0.558011,0.792453,-0.609414,0.0129513,0.0215766
6.62,0.267375,-0.222116,0.558011,0.792453,-0.609414,0.0129513,0.0215766
6.62,0.267375,-0.222116,0.558011,0.792453,-0.609414,0.0129513,0.0215766
6.62,0.267375,-0.222116,0.558011,0.792453,-0.609414,0.0129513,0.0215766
6.63,0.267375,-0.222116,0.558011,0.792453,-0.609414,0.0129513,0.0215766
6.64,0.267375,-0.222116,0.558011,0.792453,-0.609414,0.0129513,0.0215766
6.64,0.267375,-0.222116,0.558011,0.792453,-0.609414,0.0129513,0.0215766
6.64,0.267375,-0.222116,0.558011,0.792453,-0.609414,0.0129513,0.0215766
6.65,0.267375,-0.222116,0.558011,0.792453,-0.609414,0.0129513,0.0215766
6.66,0.267375,-0.222116,0.558011,0.792453,-0.609414,0.0129513,0.0215766
6.66,0.258012,-0.215326,0.557895,0.794129,-0.607357,0.0106281,0.0190462
6.66,0.258012,-0.215326,0.557895,0.794129,-0.607357,0.0106281,0.0190462
6.67,0.258012,-0.215326,0.557895,0.794129,-0.607357,0.0106281,0.0190462
6.68,0.258012,-0.215326,0.557895,0.794129,-0.607357,0.0106281,0.0190462
6.68,0.258012,-0.215326,0.557895,0.794129,-0.607357,0.0106281,0.0190462
6.68,0.258012,-0.215326,0.557895,0.794129,-0.607357,0.0106281,0.0190462
6.69,0.258012,-0.215326,0.557895,0.794129,-0.607357,0.0106281,0.0190462
6.7,0.258012,-0.215326,0.557895,0.794129,-0.607357,0.0106281,0.0190462
6.7,0.258012,-0.215326,0.557895,0.794129,-0.607357,0.0106281,0.0190462
6.7,0.258012,-0.215326,0.557895,0.794129,-0.607357,0.0106281,0.0190462
6.71,0.248857,-0.207957,0.557889,0.796284,-0.604627,0.0083515,0.0169937
6.72,0.248857,-0.207957,0.557889,0.796284,-0.604627,0.0083515,0.0169937
6.72,0.248857,-0.207957,0.557889,0.796284,-0.604627,0.0083515,0.0169937
6.72,0.248857,-0.207957,0.557889,0.796284,-0.604627,0.0083515,0.0169937
6.73,0.248857,-0.207957,0.557889,0.796284,-0.604627,0.0083515,0.0169937
6.74,0.248857,-0.207957,0.557889,0.796284,-0.604627,0.0083515,0.0169937
6.74,0.248857,-0.207957,0.557889,0.796284,-0.604627,0.0083515,0.0169937
6.74,0.248857,-0.207957,0.557889,0.796284,-0.604627,0.0083515,0.0169937
6.75,0.248857,-0.207957,0.557889,0.796284,-0.604627,0.0083515,0.0169937
6.76,0.248857,-0.207957,0.557889,0.796284,-0.604627,0.0083515,0.0169937
6.76,0.240068,-0.200148,0.557843,0.798838,-0.601311,0.00627132,0.0156117
6.76,0.240068,-0.200148,0.557843,0.798838,-0.601311,0.00627132,0.0156117
6.77,0.240068,-0.200148,0.557843,0.798838,-0.601311,0.00627132,0.0156117
6.78,0.240068,-0.200148,0.557843,0.798838,-0.601311,0.00627132,0.0156117
6.78,0.240068,-0.200148,0.557843,0.798838,-0.601311,0.00627132,0.0156117
6.78,0.240068,-0.200148,0.557843,0.798838,-0.601311,0.00627132,0.0156117
6.79,0.240068,-0.200148,0.557843,0.798838,-0.601311,0.00627132,0.0156117
6.8,0.240068,-0.200148,0.557843,0.798838,-0.601311,0.00627132,0.0156117
6.8,0.240068,-0.200148,0.557843,0.798838,-0.601311,0.00627132,0.0156117
6.8,0.240068,-0.200148,0.557843,0.798838,-0.601311,0.00627132,0.0156117
6.81,0.23199,-0.191724,0.557692,0.801993,-0.597123,0.00413935,0.0153094
6.82,0.23199,-0.191724,0.557692,0.801993,-0.597123,0.00413935,0.0153094
6.82,0.23199,-0.191724,0.557692,0.801993,-0.597123,0.00413935,0.0153094
6.82,0.23199,-0.191724,0.557692,0.801993,-0.597123,0.00413935,0.0153094
6.83,0.23199,-0.191724,0.557692,0.801993,-0.597123,0.00413935,0.0153094
6.84,0.23199,-0.191724,0.557692,0.801993,-0.597123,0.00413935,0.0153094
6.84,0.23199,-0.191724,0.557692,0.801993,-0.597123,0.00413935,0.0153094
6.84,0.23199,-0.191724,0.557692,0.801993,-0.597123,0.00413935,0.0153094
6.85,0.23199,-0.191724,0.557692,0.801993,-0.597123,0.00413935,0.0153094
6.86,0.23199,-0.191724,0.557692,0.801993,-0.597123,0.00413935,0.0153094
6.86,0.23199,-0.191724,0.557692,0.801993,-0.597123,0.00413935,0.0153094
6.86,0.224296,-0.18236,0.557448,0.806023,-0.591669,0.00206719,0.0158552
6.87,0.224296,-0.18236,0.557448,0.806023,-0.591669,0.00206719,0.0158552
6.88,0.224296,-0.18236,0.557448,0.806023,-0.591669,0.00206719,0.0158552
6.88,0.224296,-0.18236,0.557448,0.806023,-0.591669,0.00206719,0.0158552
6.88,0.224296,-0.18236,0.557448,0.806023,-0.591669,0.00206719,0.0158552
6.89,0.224296,-0.18236,0.557448,0.806023,-0.591669,0.00206719,0.0158552
6.9,0.224296,-0.18236,0.557448,0.806023,-0.591669,0.00206719,0.0158552
6.9,0.224296,-0.18236,0.557448,0.806023,-0.591669,0.00206719,0.0158552
6.9,0.224296,-0.18236,0.557448,0.806023,-0.591669,0.00206719,0.0158552
6.91,0.224296,-0.18236,0.557448,0.806023,-0.591669,0.00206719,0.0158552
6.92,0.217166,-0.172275,0.557062,0.810739,-0.585144,0.000219358,0.0175809
6.92,0.217166,-0.172275,0.557062,0.810739,-0.585144,0.000219358,0.0175809
6.92,0.217166,-0.172275,0.557062,0.810739,-0.585144,0.000219358,0.0175809
6.93,0.217166,-0.172275,0.557062,0.810739,-0.585144,0.000219358,0.0175809
6.94,0.217166,-0.172275,0.557062,0.810739,-0.585144,0.000219358,0.0175809
6.94,0.217166,-0.172275,0.557062,0.810739,-0.585144,0.000219358,0.0175809
6.94,0.217166,-0.172275,0.557062,0.810739,-0.585144,0.000219358,0.0175809
6.95,0.217166,-0.172275,0.557062,0.810739,-0.585144,0.000219358,0.0175809
6.96,0.217166,-0.172275,0.557062,0.810739,-0.585144,0.000219358,0.0175809
6.96,0.217166,-0.172275,0.557062,0.810739,-0.585144,0.000219358,0.0175809
6.96,0.210724,-0.161897,0.556569,0.815954,-0.577762,-0.0010788,0.020199
6.97,0.210724,-0.161897,0.556569,0.815954,-0.577762,-0.0010788,0.020199
6.98,0.210724,-0.161897,0.556569,0.815954,-0.577762,-0.0010788,0.020199
6.98,0.210724,-0.161897,0.556569,0.815954,-0.577762,-0.0010788,0.020199
6.98,0.210724,-0.161897,0.556569,0.815954,-0.577762,-0.0010788,0.020199
6.99,0.210724,-0.161897,0.556569,0.815954,-0.577762,-0.0010788,0.020199
7.0,0.210724,-0.161897,0.556569,0.815954,-0.577762,-0.0010788,0.020199
7.0,0.210724,-0.161897,0.556569,0.815954,-0.577762,-0.0010788,0.020199
7.0,0.210724,-0.161897,0.556569,0.815954,-0.577762,-0.0010788,0.020199
7.01,0.210724,-0.161897,0.556569,0.815954,-0.577762,-0.0010788,0.020199
7.02,0.204917,-0.150763,0.556113,0.82199,-0.569003,-0.00105259,0.0238088
7.02,0.204917,-0.150763,0.556113,0.82199,-0.569003,-0.00105259,0.0238088
7.02,0.204917,-0.150763,0.556113,0.82199,-0.569003,-0.00105259,0.0238088
7.03,0.204917,-0.150763,0.556113,0.82199,-0.569003,-0.00105259,0.0238088
7.04,0.204917,-0.150763,0.556113,0.82199,-0.569003,-0.00105259,0.0238088
7.04,0.204917,-0.150763,0.556113,0.82199,-0.569003,-0.00105259,0.0238088
7.04,0.204917,-0.150763,0.556113,0.82199,-0.569003,-0.00105259,0.0238088
7.05,0.204917,-0.150763,0.556113,0.82199,-0.569003,-0.00105259,0.0238088
7.06,0.204917,-0.150763,0.556113,0.82199,-0.569003,-0.00105259,0.0238088
7.06,0.204917,-0.150763,0.556113,0.82199,-0.569003,-0.00105259,0.0238088
7.06,0.199848,-0.13945,0.555748,0.828476,-0.559338,0.000342025,0.0277309
7.07,0.199848,-0.13945,0.555748,0.828476,-0.559338,0.000342025,0.0277309
7.08,0.199848,-0.13945,0.555748,0.828476,-0.559338,0.000342025,0.0277309
7.08,0.199848,-0.13945,0.555748,0.828476,-0.559338,0.000342025,0.0277309
7.08,0.199848,-0.13945,0.555748,0.828476,-0.559338,0.000342025,0.0277309
7.09,0.199848,-0.13945,0.555748,0.828476,-0.559338,0.000342025,0.0277309
7.1,0.199848,-0.13945,0.555748,0.828476,-0.559338,0.000342025,0.0277309
7.1,0.199848,-0.13945,0.555748,0.828476,-0.559338,0.000342025,0.0277309
7.1,0.199848,-0.13945,0.555748,0.828476,-0.559338,0.000342025,0.0277309
7.11,0.199848,-0.13945,0.555748,0.828476,-0.559338,0.000342025,0.0277309
7.12,0.195753,-0.128292,0.55541,0.8352,-0.549028,0.00330479,0.0316049
7.12,0.195753,-0.128292,0.55541,0.8352,-0.549028,0.00330479,0.0316049
7.12,0.195753,-0.128292,0.55541,0.8352,-0.549028,0.00330479,0.0316049
7.13,0.195753,-0.128292,0.55541,0.8352,-0.549028,0.00330479,0.0316049
7.14,0.195753,-0.128292,0.55541,0.8352,-0.549028,0.00330479,0.0316049
7.14,0.195753,-0.128292,0.55541,0.8352,-0.549028,0.00330479,0.0316049
7.14,0.195753,-0.128292,0.55541,0.8352,-0.549028,0.00330479,0.0316049
7.15,0.195753,-0.128292,0.55541,0.8352,-0.549028,0.00330479,0.0316049
7.16,0.195753,-0.128292,0.55541,0.8352,-0.549028,0.00330479,0.0316049
7.16,0.195753,-0.128292,0.55541,0.8352,-0.549028,0.00330479,0.0316049
7.16,0.192329,-0.11686,0.554956,0.842429,-0.53761,0.00749226,0.035109
7.17,0.192329,-0.11686,0.554956,0.842429,-0.53761,0.00749226,0.035109
7.18,0.192329,-0.11686,0.554956,0.842429,-0.53761,0.00749226,0.035109
7.18,0.192329,-0.11686,0.554956,0.842429,-0.53761,0.00749226,0.035109
7.18,0.192329,-0.11686,0.554956,0.842429,-0.53761,0.00749226,0.035109
7.19,0.192329,-0.11686,0.554956,0.842429,-0.53761,0.00749226,0.035109
7.2,0.192329,-0.11686,0.554956,0.842429,-0.53761,0.00749226,0.035109
7.2,0.192329,-0.11686,0.554956,0.842429,-0.53761,0.00749226,0.035109
7.2,0.192329,-0.11686,0.554956,0.842429,-0.53761,0.00749226,0.035109
7.21,0.192329,-0.11686,0.554956,0.842429,-0.53761,0.00749226,0.035109
7.22,0.192329,-0.11686,0.554956,0.842429,-0.53761,0.00749226,0.035109
7.22,0.189414,-0.105574,0.554214,0.849794,-0.525543,0.0118775,0.038914
7.22,0.189414,-0.105574,0.554214,0.849794,-0.525543,0.0118775,0.038914
7.23,0.189414,-0.105574,0.554214,0.849794,-0.525543,0.0118775,0.038914
7.24,0.189414,-0.105574,0.554214,0.849794,-0.525543,0.0118775,0.038914
7.24,0.189414,-0.105574,0.554214,0.849794,-0.525543,0.0118775,0.038914
7.24,0.189414,-0.105574,0.554214,0.849794,-0.525543,0.0118775,0.038914
7.25,0.189414,-0.105574,0.554214,0.849794,-0.525543,0.0118775,0.038914
7.26,0.189414,-0.105574,0.554214,0.849794,-0.525543,0.0118775,0.038914
7.26,0.189414,-0.105574,0.554214,0.849794,-0.525543,0.0118775,0.038914
7.26,0.189414,-0.105574,0.554214,0.849794,-0.525543,0.0118775,0.038914
7.27,0.187515,-0.0950561,0.553517,0.857022,-0.513209,0.0187463,0.0421756
7.28,0.187515,-0.0950561,0.553517,0.857022,-0.513209,0.0187463,0.0421756
7.28,0.187515,-0.0950561,0.553517,0.857022,-0.513209,0.0187463,0.0421756
7.28,0.187515,-0.0950561,0.553517,0.857022,-0.513209,0.0187463,0.0421756
7.29,0.187515,-0.0950561,0.553517,0.857022,-0.513209,0.0187463,0.0421756
7.3,0.187515,-0.0950561,0.553517,0.857022,-0.513209,0.0187463,0.0421756
7.3,0.187515,-0.0950561,0.553517,0.857022,-0.513209,0.0187463,0.0421756
7.3,0.187515,-0.0950561,0.553517,0.857022,-0.513209,0.0187463,0.0421756
7.31,0.187515,-0.0950561,0.553517,0.857022,-0.513209,0.0187463,0.0421756
7.32,0.187515,-0.0950561,0.553517,0.857022,-0.513209,0.0187463,0.0421756
7.32,0.185964,-0.0847729,0.552721,0.8642,-0.500517,0.0260022,0.0443329
7.32,0.185964,-0.0847729,0.552721,0.8642,-0.500517,0.0260022,0.0443329
7.33,0.185964,-0.0847729,0.552721,0.8642,-0.500517,0.0260022,0.0443329
7.34,0.185964,-0.0847729,0.552721,0.8642,-0.500517,0.0260022,0.0443329
7.34,0.185964,-0.0847729,0.552721,0.8642,-0.500517,0.0260022,0.0443329
7.34,0.185964,-0.0847729,0.552721,0.8642,-0.500517,0.0260022,0.0443329
7.35,0.185964,-0.0847729,0.552721,0.8642,-0.500517,0.0260022,0.0443329
7.36,0.185964,-0.0847729,0.552721,0.8642,-0.500517,0.0260022,0.0443329
7.36,0.185964,-0.0847729,0.552721,0.8642,-0.500517,0.0260022,0.0443329
7.36,0.185964,-0.0847729,0.552721,0.8642,-0.500517,0.0260022,0.0443329
7.37,0.184805,-0.0748001,0.551302,0.871232,-0.487791,0.0314199,0.0450267
7.38,0.184805,-0.0748001,0.551302,0.871232,-0.487791,0.0314199,0.0450267
7.38,0.184805,-0.0748001,0.551302,0.871232,-0.487791,0.0314199,0.0450267
7.38,0.184805,-0.0748001,0.551302,0.871232,-0.487791,0.0314199,0.0450267
7.39,0.184805,-0.0748001,0.551302,0.871232,-0.487791,0.0314199,0.0450267
7.4,0.184805,-0.0748001,0.551302,0.871232,-0.487791,0.0314199,0.0450267
7.4,0.184805,-0.0748001,0.551302,0.871232,-0.487791,0.0314199,0.0450267
7.4,0.184805,-0.0748001,0.551302,0.871232,-0.487791,0.0314199,0.0450267
7.41,0.184805,-0.0748001,0.551302,0.871232,-0.487791,0.0314199,0.0450267
7.42,0.184805,-0.0748001,0.551302,0.871232,-0.487791,0.0314199,0.0450267
7.42,0.183959,-0.0648919,0.549314,0.878262,-0.475017,0.0346203,0.0426064
7.42,0.183959,-0.0648919,0.549314,0.878262,-0.475017,0.0346203,0.0426064
7.43,0.183959,-0.0648919,0.549314,0.878262,-0.475017,0.0346203,0.0426064
7.44,0.183959,-0.0648919,0.549314,0.878262,-0.475017,0.0346203,0.0426064
7.44,0.183959,-0.0648919,0.549314,0.878262,-0.475017,0.0346203,0.0426064
7.44,0.183959,-0.0648919,0.549314,0.878262,-0.475017,0.0346203,0.0426064
7.45,0.183959,-0.0648919,0.549314,0.878262,-0.475017,0.0346203,0.0426064
7.46,0.183959,-0.0648919,0.549314,0.878262,-0.475017,0.0346203,0.0426064
7.46,0.183959,-0.0648919,0.549314,0.878262,-0.475017,0.0346203,0.0426064
7.46,0.183959,-0.0648919,0.549314,0.878262,-0.475017,0.0346203,0.0426064
7.47,0.183566,-0.0545734,0.546528,0.885583,-0.461681,0.0350442,0.0369443
7.48,0.183566,-0.0545734,0.546528,0.885583,-0.461681,0.0350442,0.0369443
7.48,0.183566,-0.0545734,0.546528,0.885583,-0.461681,0.0350442,0.0369443
7.48,0.183566,-0.0545734,0.546528,0.885583,-0.461681,0.0350442,0.0369443
7.49,0.183566,-0.0545734,0.546528,0.885583,-0.461681,0.0350442,0.0369443
7.5,0.183566,-0.0545734,0.546528,0.885583,-0.461681,0.0350442,0.0369443
7.5,0.183566,-0.0545734,0.546528,0.885583,-0.461681,0.0350442,0.0369443
7.5,0.183566,-0.0545734,0.546528,0.885583,-0.461681,0.0350442,0.0369443
7.51,0.183566,-0.0545734,0.546528,0.885583,-0.461681,0.0350442,0.0369443
7.52,0.183566,-0.0545734,0.546528,0.885583,-0.461681,0.0350442,0.0369443
7.52,0.183435,-0.0446308,0.543536,0.89259,-0.448758,0.033084,0.028377
7.52,0.183435,-0.0446308,0.543536,0.89259,-0.448758,0.033084,0.028377
7.53,0.183435,-0.0446308,0.543536,0.89259,-0.448758,0.033084,0.028377
7.54,0.183435,-0.0446308,0.543536,0.89259,-0.448758,0.033084,0.028377
7.54,0.183435,-0.0446308,0.543536,0.89259,-0.448758,0.033084,0.028377
7.54,0.183435,-0.0446308,0.543536,0.89259,-0.448758,0.033084,0.028377
7.55,0.183435,-0.0446308,0.543536,0.89259,-0.448758,0.033084,0.028377
7.56,0.183435,-0.0446308,0.543536,0.89259,-0.448758,0.033084,0.028377
7.56,0.183435,-0.0446308,0.543536,0.89259,-0.448758,0.033084,0.028377
7.56,0.183435,-0.0446308,0.543536,0.89259,-0.448758,0.033084,0.028377
7.57,0.183604,-0.0339747,0.540174,0.899877,-0.434824,0.0289346,0.0176882
7.58,0.183604,-0.0339747,0.540174,0.899877,-0.434824,0.0289346,0.0176882
7.58,0.183604,-0.0339747,0.540174,0.899877,-0.434824,0.0289346,0.0176882
7.58,0.183604,-0.0339747,0.540174,0.899877,-0.434824,0.0289346,0.0176882
7.59,0.183604,-0.0339747,0.540174,0.899877,-0.434824,0.0289346,0.0176882
7.6,0.183604,-0.0339747,0.540174,0.899877,-0.434824,0.0289346,0.0176882
7.6,0.183604,-0.0339747,0.540174,0.899877,-0.434824,0.0289346,0.0176882
7.6,0.183604,-0.0339747,0.540174,0.899877,-0.434824,0.0289346,0.0176882
7.61,0.183604,-0.0339747,0.540174,0.899877,-0.434824,0.0289346,0.0176882
7.62,0.183604,-0.0339747,0.540174,0.899877,-0.434824,0.0289346,0.0176882
7.62,0.183999,-0.0238342,0.537147,0.906614,-0.421234,0.0236793,0.00723917
7.62,0.183999,-0.0238342,0.537147,0.906614,-0.421234,0.0236793,0.00723917
7.63,0.183999,-0.0238342,0.537147,0.906614,-0.421234,0.0236793,0.00723917
7.64,0.183999,-0.0238342,0.537147,0.906614,-0.421234,0.0236793,0.00723917
7.64,0.183999,-0.0238342,0.537147,0.906614,-0.421234,0.0236793,0.00723917
7.64,0.183999,-0.0238342,0.537147,0.906614,-0.421234,0.0236793,0.00723917
7.65,0.183999,-0.0238342,0.537147,0.906614,-0.421234,0.0236793,0.00723917
7.66,0.183999,-0.0238342,0.537147,0.906614,-0.421234,0.0236793,0.00723917
7.66,0.183999,-0.0238342,0.537147,0.906614,-0.421234,0.0236793,0.00723917
7.66,0.183999,-0.0238342,0.537147,0.906614,-0.421234,0.0236793,0.00723917
7.67,0.184555,-0.0148103,0.534789,0.912589,-0.408454,0.01863,-0.000614804
7.68,0.184555,-0.0148103,0.534789,0.912589,-0.408454,0.01863,-0.000614804
7.68,0.184555,-0.0148103,0.534789,0.912589,-0.408454,0.01863,-0.000614804
7.68,0.184555,-0.0148103,0.534789,0.912589,-0.408454,0.01863,-0.000614804
7.69,0.184555,-0.0148103,0.534789,0.912589,-0.408454,0.01863,-0.000614804
7.7,0.184555,-0.0148103,0.534789,0.912589,-0.408454,0.01863,-0.000614804
7.7,0.184555,-0.0148103,0.534789,0.912589,-0.408454,0.01863,-0.000614804
7.7,0.184555,-0.0148103,0.534789,0.912589,-0.408454,0.01863,-0.000614804
7.71,0.184555,-0.0148103,0.534789,0.912589,-0.408454,0.01863,-0.000614804
7.72,0.184555,-0.0148103,0.534789,0.912589,-0.408454,0.01863,-0.000614804
7.72,0.184555,-0.0148103,0.534789,0.912589,-0.408454,0.01863,-0.000614804
7.72,0.185187,-0.00712901,0.533122,0.91783,-0.396664,0.0148808,-0.00487995
7.73,0.185187,-0.00712901,0.533122,0.91783,-0.396664,0.0148808,-0.00487995
7.74,0.185187,-0.00712901,0.533122,0.91783,-0.396664,0.0148808,-0.00487995
7.74,0.185187,-0.00712901,0.533122,0.91783,-0.396664,0.0148808,-0.00487995
7.74,0.185187,-0.00712901,0.533122,0.91783,-0.396664,0.0148808,-0.00487995
7.75,0.185187,-0.00712901,0.533122,0.91783,-0.396664,0.0148808,-0.00487995
7.76,0.185187,-0.00712901,0.533122,0.91783,-0.396664,0.0148808,-0.00487995
7.76,0.185187,-0.00712901,0.533122,0.91783,-0.396664,0.0148808,-0.00487995
7.76,0.185187,-0.00712901,0.533122,0.91783,-0.396664,0.0148808,-0.00487995
7.77,0.185187,-0.00712901,0.533122,0.91783,-0.396664,0.0148808,-0.00487995
7.78,0.185706,-0.00133226,0.531907,0.922097,-0.386714,0.0126959,-0.00533821
7.78,0.185706,-0.00133226,0.531907,0.922097,-0.386714,0.0126959,-0.00533821
7.78,0.185706,-0.00133226,0.531907,0.922097,-0.386714,0.0126959,-0.00533821
7.79,0.185706,-0.00133226,0.531907,0.922097,-0.386714,0.0126959,-0.00533821
7.8,0.185706,-0.00133226,0.531907,0.922097,-0.386714,0.0126959,-0.00533821
7.8,0.185706,-0.00133226,0.531907,0.922097,-0.386714,0.0126959,-0.00533821
7.81,0.185706,-0.00133226,0.531907,0.922097,-0.386714,0.0126959,-0.00533821
7.81,0.185706,-0.00133226,0.531907,0.922097,-0.386714,0.0126959,-0.00533821
7.82,0.185706,-0.00133226,0.531907,0.922097,-0.386714,0.0126959,-0.00533821
7.82,0.185706,-0.00133226,0.531907,0.922097,-0.386714,0.0126959,-0.00533821
7.82,0.186198,0.00296364,0.531009,0.925627,-0.378239,0.0118178,-0.00321683
7.83,0.186198,0.00296364,0.531009,0.925627,-0.378239,0.0118178,-0.00321683
7.84,0.186198,0.00296364,0.531009,0.925627,-0.378239,0.0118178,-0.00321683
7.84,0.186198,0.00296364,0.531009,0.925627,-0.378239,0.0118178,-0.00321683
7.84,0.186198,0.00296364,0.531009,0.925627,-0.378239,0.0118178,-0.00321683
7.85,0.186198,0.00296364,0.531009,0.925627,-0.378239,0.0118178,-0.00321683
7.86,0.186198,0.00296364,0.531009,0.925627,-0.378239,0.0118178,-0.00321683
7.86,0.186198,0.00296364,0.531009,0.925627,-0.378239,0.0118178,-0.00321683
7.86,0.186198,0.00296364,0.531009,0.925627,-0.378239,0.0118178,-0.00321683
7.87,0.186198,0.00296364,0.531009,0.925627,-0.378239,0.0118178,-0.00321683
7.88,0.186717,0.00590837,0.530432,0.928208,-0.371897,0.0109215,-0.00184831
7.88,0.186717,0.00590837,0.530432,0.928208,-0.371897,0.0109215,-0.00184831
7.88,0.186717,0.00590837,0.530432,0.928208,-0.371897,0.0109215,-0.00184831
7.89,0.186717,0.00590837,0.530432,0.928208,-0.371897,0.0109215,-0.00184831
7.9,0.186717,0.00590837,0.530432,0.928208,-0.371897,0.0109215,-0.00184831
7.9,0.186717,0.00590837,0.530432,0.928208,-0.371897,0.0109215,-0.00184831
7.9,0.186717,0.00590837,0.530432,0.928208,-0.371897,0.0109215,-0.00184831
7.91,0.186717,0.00590837,0.530432,0.928208,-0.371897,0.0109215,-0.00184831
7.92,0.186717,0.00590837,0.530432,0.928208,-0.371897,0.0109215,-0.00184831
7.92,0.186717,0.00590837,0.530432,0.928208,-0.371897,0.0109215,-0.00184831
7.92,0.187217,0.00758315,0.529936,0.929899,-0.367685,0.00968067,-0.00146583
7.93,0.187217,0.00758315,0.529936,0.929899,-0.367685,0.00968067,-0.00146583
7.94,0.187217,0.00758315,0.529936,0.929899,-0.367685,0.00968067,-0.00146583
7.94,0.187217,0.00758315,0.529936,0.929899,-0.367685,0.00968067,-0.00146583
7.94,0.187217,0.00758315,0.529936,0.929899,-0.367685,0.00968067,-0.00146583
7.95,0.187217,0.00758315,0.529936,0.929899,-0.367685,0.00968067,-0.00146583
7.96,0.187217,0.00758315,0.529936,0.929899,-0.367685,0.00968067,-0.00146583
7.96,0.187217,0.00758315,0.529936,0.929899,-0.367685,0.00968067,-0.00146583
7.96,0.187217,0.00758315,0.529936,0.929899,-0.367685,0.00968067,-0.00146583
7.97,0.187217,0.00758315,0.529936,0.929899,-0.367685,0.00968067,-0.00146583
7.98,0.187702,0.00833213,0.529467,0.930787,-0.365463,0.00838078,-0.00135997
7.98,0.187702,0.00833213,0.529467,0.930787,-0.365463,0.00838078,-0.00135997
7.98,0.187702,0.00833213,0.529467,0.930787,-0.365463,0.00838078,-0.00135997
7.99,0.187702,0.00833213,0.529467,0.930787,-0.365463,0.00838078,-0.00135997
8.0,0.187702,0.00833213,0.529467,0.930787,-0.365463,0.00838078,-0.00135997
8.0,0.187702,0.00833213,0.529467,0.930787,-0.365463,0.00838078,-0.00135997
8.01,0.187702,0.00833213,0.529467,0.930787,-0.365463,0.00838078,-0.00135997
8.01,0.187702,0.00833213,0.529467,0.930787,-0.365463,0.00838078,-0.00135997
8.02,0.187702,0.00833213,0.529467,0.930787,-0.365463,0.00838078,-0.00135997
8.02,0.187702,0.00833213,0.529467,0.930787,-0.365463,0.00838078,-0.00135997
8.02,0.188206,0.00836164,0.529013,0.931027,-0.36488,0.00706632,-0.00140782
8.03,0.188206,0.00836164,0.529013,0.931027,-0.36488,0.00706632,-0.00140782
8.04,0.188206,0.00836164,0.529013,0.931027,-0.36488,0.00706632,-0.00140782
8.04,0.188206,0.00836164,0.529013,0.931027,-0.36488,0.00706632,-0.00140782
8.04,0.188206,0.00836164,0.529013,0.931027,-0.36488,0.00706632,-0.00140782
8.05,0.188206,0.00836164,0.529013,0.931027,-0.36488,0.00706632,-0.00140782
8.06,0.188206,0.00836164,0.529013,0.931027,-0.36488,0.00706632,-0.00140782
8.06,0.188206,0.00836164,0.529013,0.931027,-0.36488,0.00706632,-0.00140782
8.06,0.188206,0.00836164,0.529013,0.931027,-0.36488,0.00706632,-0.00140782
8.07,0.188206,0.00836164,0.529013,0.931027,-0.36488,0.00706632,-0.00140782
8.07,0.188718,0.00811817,0.528549,0.930946,-0.365109,0.00580787,-0.001211
8.08,0.188718,0.00811817,0.528549,0.930946,-0.365109,0.00580787,-0.001211
8.09,0.188718,0.00811817,0.528549,0.930946,-0.365109,0.00580787,-0.001211
8.09,0.188718,0.00811817,0.528549,0.930946,-0.365109,0.00580787,-0.001211
8.1,0.188718,0.00811817,0.528549,0.930946,-0.365109,0.00580787,-0.001211
8.1,0.188718,0.00811817,0.528549,0.930946,-0.365109,0.00580787,-0.001211
8.1,0.188718,0.00811817,0.528549,0.930946,-0.365109,0.00580787,-0.001211
8.11,0.188718,0.00811817,0.528549,0.930946,-0.365109,0.00580787,-0.001211
8.12,0.188718,0.00811817,0.528549,0.930946,-0.365109,0.00580787,-0.001211
8.12,0.188718,0.00811817,0.528549,0.930946,-0.365109,0.00580787,-0.001211
8.12,0.188718,0.00811817,0.528549,0.930946,-0.365109,0.00580787,-0.001211
8.13,0.189257,0.00788962,0.5281,0.930795,-0.36551,0.00475054,-0.000858826
8.14,0.189257,0.00788962,0.5281,0.930795,-0.36551,0.00475054,-0.000858826
8.14,0.189257,0.00788962,0.5281,0.930795,-0.36551,0.00475054,-0.000858826
8.14,0.189257,0.00788962,0.5281,0.930795,-0.36551,0.00475054,-0.000858826
8.15,0.189257,0.00788962,0.5281,0.930795,-0.36551,0.00475054,-0.000858826
8.15,0.189257,0.00788962,0.5281,0.930795,-0.36551,0.00475054,-0.000858826
8.16,0.189257,0.00788962,0.5281,0.930795,-0.36551,0.00475054,-0.000858826
8.17,0.189257,0.00788962,0.5281,0.930795,-0.36551,0.00475054,-0.000858826
8.17,0.189257,0.00788962,0.5281,0.930795,-0.36551,0.00475054,-0.000858826
8.18,0.189257,0.00788962,0.5281,0.930795,-0.36551,0.00475054,-0.000858826
8.18,0.189756,0.00769648,0.527692,0.930616,-0.365978,0.00381472,-0.000372529
8.18,0.189756,0.00769648,0.527692,0.930616,-0.365978,0.00381472,-0.000372529
8.19,0.189756,0.00769648,0.527692,0.930616,-0.365978,0.00381472,-0.000372529
8.2,0.189756,0.00769648,0.527692,0.930616,-0.365978,0.00381472,-0.000372529
8.2,0.189756,0.00769648,0.527692,0.930616,-0.365978,0.00381472,-0.000372529
8.2,0.189756,0.00769648,0.527692,0.930616,-0.365978,0.00381472,-0.000372529
8.21,0.189756,0.00769648,0.527692,0.930616,-0.365978,0.00381472,-0.000372529
8.22,0.189756,0.00769648,0.527692,0.930616,-0.365978,0.00381472,-0.000372529
8.22,0.189756,0.00769648,0.527692,0.930616,-0.365978,0.00381472,-0.000372529
8.22,0.189756,0.00769648,0.527692,0.930616,-0.365978,0.00381472,-0.000372529
8.23,0.190237,0.00743848,0.527354,0.930375,-0.366595,0.00313353,2.58326e-05
8.24,0.190237,0.00743848,0.527354,0.930375,-0.366595,0.00313353,2.58326e-05
8.24,0.190237,0.00743848,0.527354,0.930375,-0.366595,0.00313353,2.58326e-05
8.25,0.190237,0.00743848,0.527354,0.930375,-0.366595,0.00313353,2.58326e-05
8.25,0.190237,0.00743848,0.527354,0.930375,-0.366595,0.00313353,2.58326e-05
8.26,0.190237,0.00743848,0.527354,0.930375,-0.366595,0.00313353,2.58326e-05
8.26,0.190237,0.00743848,0.527354,0.930375,-0.366595,0.00313353,2.58326e-05
8.26,0.190237,0.00743848,0.527354,0.930375,-0.366595,0.00313353,2.58326e-05
8.27,0.190237,0.00743848,0.527354,0.930375,-0.366595,0.00313353,2.58326e-05
8.28,0.190237,0.00743848,0.527354,0.930375,-0.366595,0.00313353,2.58326e-05
8.28,0.190597,0.00704301,0.527024,0.930045,-0.367437,0.0023055,0.000294448
8.28,0.190597,0.00704301,0.527024,0.930045,-0.367437,0.0023055,0.000294448
8.29,0.190597,0.00704301,0.527024,0.930045,-0.367437,0.0023055,0.000294448
8.3,0.190597,0.00704301,0.527024,0.930045,-0.367437,0.0023055,0.000294448
8.3,0.190597,0.00704301,0.527024,0.930045,-0.367437,0.0023055,0.000294448
8.3,0.190597,0.00704301,0.527024,0.930045,-0.367437,0.0023055,0.000294448
8.31,0.190597,0.00704301,0.527024,0.930045,-0.367437,0.0023055,0.000294448
8.32,0.190597,0.00704301,0.527024,0.930045,-0.367437,0.0023055,0.000294448
8.32,0.190597,0.00704301,0.527024,0.930045,-0.367437,0.0023055,0.000294448
8.32,0.190597,0.00704301,0.527024,0.930045,-0.367437,0.0023055,0.000294448
8.33,0.190917,0.00643549,0.526736,0.929534,-0.368733,0.00157604,0.000495326
8.34,0.190917,0.00643549,0.526736,0.929534,-0.368733,0.00157604,0.000495326
8.34,0.190917,0.00643549,0.526736,0.929534,-0.368733,0.00157604,0.000495326
8.35,0.190917,0.00643549,0.526736,0.929534,-0.368733,0.00157604,0.000495326
8.35,0.190917,0.00643549,0.526736,0.929534,-0.368733,0.00157604,0.000495326
8.36,0.190917,0.00643549,0.526736,0.929534,-0.368733,0.00157604,0.000495326
8.36,0.190917,0.00643549,0.526736,0.929534,-0.368733,0.00157604,0.000495326
8.36,0.190917,0.00643549,0.526736,0.929534,-0.368733,0.00157604,0.000495326
8.37,0.190917,0.00643549,0.526736,0.929534,-0.368733,0.00157604,0.000495326
8.38,0.190917,0.00643549,0.526736,0.929534,-0.368733,0.00157604,0.000495326
8.38,0.191146,0.00574201,0.52652,0.928958,-0.370183,0.00107659,0.00073484
8.38,0.191146,0.00574201,0.52652,0.928958,-0.370183,0.00107659,0.00073484
8.39,0.191146,0.00574201,0.52652,0.928958,-0.370183,0.00107659,0.00073484
8.4,0.191146,0.00574201,0.52652,0.928958,-0.370183,0.00107659,0.00073484
8.4,0.191146,0.00574201,0.52652,0.928958,-0.370183,0.00107659,0.00073484
8.4,0.191146,0.00574201,0.52652,0.928958,-0.370183,0.00107659,0.00073484
8.41,0.191146,0.00574201,0.52652,0.928958,-0.370183,0.00107659,0.00073484
8.42,0.191146,0.00574201,0.52652,0.928958,-0.370183,0.00107659,0.00073484
8.42,0.191146,0.00574201,0.52652,0.928958,-0.370183,0.00107659,0.00073484
8.43,0.191146,0.00574201,0.52652,0.928958,-0.370183,0.00107659,0.00073484
8.43,0.19132,0.00523311,0.526367,0.928474,-0.371396,0.000714506,0.000924816
8.44,0.19132,0.00523311,0.526367,0.928474,-0.371396,0.000714506,0.000924816
8.44,0.19132,0.00523311,0.526367,0.928474,-0.371396,0.000714506,0.000924816
8.44,0.19132,0.00523311,0.526367,0.928474,-0.371396,0.000714506,0.000924816
8.45,0.19132,0.00523311,0.526367,0.928474,-0.371396,0.000714506,0.000924816
8.46,0.19132,0.00523311,0.526367,0.928474,-0.371396,0.000714506,0.000924816
8.46,0.19132,0.00523311,0.526367,0.928474,-0.371396,0.000714506,0.000924816
8.46,0.19132,0.00523311,0.526367,0.928474,-0.371396,0.000714506,0.000924816
8.47,0.19132,0.00523311,0.526367,0.928474,-0.371396,0.000714506,0.000924816
8.48,0.19132,0.00523311,0.526367,0.928474,-0.371396,0.000714506,0.000924816
8.48,0.19132,0.00523311,0.526367,0.928474,-0.371396,0.000714506,0.000924816
8.48,0.1915,0.00484449,0.526184,0.928087,-0.372362,0.000285875,0.00112053
8.49,0.1915,0.00484449,0.526184,0.928087,-0.372362,0.000285875,0.00112053
8.5,0.1915,0.00484449,0.526184,0.928087,-0.372362,0.000285875,0.00112053
8.5,0.1915,0.00484449,0.526184,0.928087,-0.372362,0.000285875,0.00112053
8.51,0.1915,0.00484449,0.526184,0.928087,-0.372362,0.000285875,0.00112053
8.51,0.1915,0.00484449,0.526184,0.928087,-0.372362,0.000285875,0.00112053
8.52,0.1915,0.00484449,0.526184,0.928087,-0.372362,0.000285875,0.00112053
8.52,0.1915,0.00484449,0.526184,0.928087,-0.372362,0.000285875,0.00112053
8.52,0.1915,0.00484449,0.526184,0.928087,-0.372362,0.000285875,0.00112053
8.53,0.1915,0.00484449,0.526184,0.928087,-0.372362,0.000285875,0.00112053
8.54,0.191672,0.00458158,0.526012,0.927824,-0.373015,-0.000128537,0.00129797
8.54,0.191672,0.00458158,0.526012,0.927824,-0.373015,-0.000128537,0.00129797
8.54,0.191672,0.00458158,0.526012,0.927824,-0.373015,-0.000128537,0.00129797
8.55,0.191672,0.00458158,0.526012,0.927824,-0.373015,-0.000128537,0.00129797
8.56,0.191672,0.00458158,0.526012,0.927824,-0.373015,-0.000128537,0.00129797
8.56,0.191672,0.00458158,0.526012,0.927824,-0.373015,-0.000128537,0.00129797
8.56,0.191672,0.00458158,0.526012,0.927824,-0.373015,-0.000128537,0.00129797
8.57,0.191672,0.00458158,0.526012,0.927824,-0.373015,-0.000128537,0.00129797
8.58,0.191672,0.00458158,0.526012,0.927824,-0.373015,-0.000128537,0.00129797
8.58,0.191672,0.00458158,0.526012,0.927824,-0.373015,-0.000128537,0.00129797
8.59,0.191818,0.0044915,0.525821,0.927728,-0.373254,-0.000587143,0.00150808
8.59,0.191818,0.0044915,0.525821,0.927728,-0.373254,-0.000587143,0.00150808
8.6,0.191818,0.0044915,0.525821,0.927728,-0.373254,-0.000587143,0.00150808
8.6,0.191818,0.0044915,0.525821,0.927728,-0.373254,-0.000587143,0.00150808
8.6,0.191818,0.0044915,0.525821,0.927728,-0.373254,-0.000587143,0.00150808
8.61,0.191818,0.0044915,0.525821,0.927728,-0.373254,-0.000587143,0.00150808
8.62,0.191818,0.0044915,0.525821,0.927728,-0.373254,-0.000587143,0.00150808
8.62,0.191818,0.0044915,0.525821,0.927728,-0.373254,-0.000587143,0.00150808
8.62,0.191818,0.0044915,0.525821,0.927728,-0.373254,-0.000587143,0.00150808
8.63,0.191818,0.0044915,0.525821,0.927728,-0.373254,-0.000587143,0.00150808
8.64,0.191937,0.00448446,0.525692,0.927716,-0.373282,-0.000890493,0.00163613
8.64,0.191937,0.00448446,0.525692,0.927716,-0.373282,-0.000890493,0.00163613
8.64,0.191937,0.00448446,0.525692,0.927716,-0.373282,-0.000890493,0.00163613
8.65,0.191937,0.00448446,0.525692,0.927716,-0.373282,-0.000890493,0.00163613
8.65,0.191937,0.00448446,0.525692,0.927716,-0.373282,-0.000890493,0.00163613
8.66,0.191937,0.00448446,0.525692,0.927716,-0.373282,-0.000890493,0.00163613
8.67,0.191937,0.00448446,0.525692,0.927716,-0.373282,-0.000890493,0.00163613
8.67,0.191937,0.00448446,0.525692,0.927716,-0.373282,-0.000890493,0.00163613
8.68,0.191937,0.00448446,0.525692,0.927716,-0.373282,-0.000890493,0.00163613
8.68,0.191937,0.00448446,0.525692,0.927716,-0.373282,-0.000890493,0.00163613
8.68,0.191849,0.00448542,0.525794,0.927714,-0.373289,-0.000663026,0.00154356
8.69,0.191849,0.00448542,0.525794,0.927714,-0.373289,-0.000663026,0.00154356
8.7,0.191849,0.00448542,0.525794,0.927714,-0.373289,-0.000663026,0.00154356
8.7,0.191849,0.00448542,0.525794,0.927714,-0.373289,-0.000663026,0.00154356
8.7,0.191849,0.00448542,0.525794,0.927714,-0.373289,-0.000663026,0.00154356
8.71,0.191849,0.00448542,0.525794,0.927714,-0.373289,-0.000663026,0.00154356
8.72,0.191849,0.00448542,0.525794,0.927714,-0.373289,-0.000663026,0.00154356
8.72,0.191849,0.00448542,0.525794,0.927714,-0.373289,-0.000663026,0.00154356
8.72,0.191849,0.00448542,0.525794,0.927714,-0.373289,-0.000663026,0.00154356
8.73,0.191849,0.00448542,0.525794,0.927714,-0.373289,-0.000663026,0.00154356
8.74,0.191656,0.00448347,0.525993,0.927719,-0.373277,-0.00019548,0.00134257
8.74,0.191656,0.00448347,0.525993,0.927719,-0.373277,-0.00019548,0.00134257
8.75,0.191656,0.00448347,0.525993,0.927719,-0.373277,-0.00019548,0.00134257
8.75,0.191656,0.00448347,0.525993,0.927719,-0.373277,-0.00019548,0.00134257
8.76,0.191656,0.00448347,0.525993,0.927719,-0.373277,-0.00019548,0.00134257
8.76,0.191656,0.00448347,0.525993,0.927719,-0.373277,-0.00019548,0.00134257
8.76,0.191656,0.00448347,0.525993,0.927719,-0.373277,-0.00019548,0.00134257
8.77,0.191656,0.00448347,0.525993,0.927719,-0.373277,-0.00019548,0.00134257
8.78,0.191656,0.00448347,0.525993,0.927719,-0.373277,-0.00019548,0.00134257
8.78,0.191656,0.00448347,0.525993,0.927719,-0.373277,-0.00019548,0.00134257
8.78,0.191468,0.00448353,0.526186,0.927719,-0.373277,0.000258572,0.00115306
8.79,0.191468,0.00448353,0.526186,0.927719,-0.373277,0.000258572,0.00115306
8.8,0.191468,0.00448353,0.526186,0.927719,-0.373277,0.000258572,0.00115306
8.8,0.191468,0.00448353,0.526186,0.927719,-0.373277,0.000258572,0.00115306
8.8,0.191468,0.00448353,0.526186,0.927719,-0.373277,0.000258572,0.00115306
8.81,0.191468,0.00448353,0.526186,0.927719,-0.373277,0.000258572,0.00115306
8.82,0.191468,0.00448353,0.526186,0.927719,-0.373277,0.000258572,0.00115306
8.82,0.191468,0.00448353,0.526186,0.927719,-0.373277,0.000258572,0.00115306
8.83,0.191468,0.00448353,0.526186,0.927719,-0.373277,0.000258572,0.00115306
8.83,0.191468,0.00448353,0.526186,0.927719,-0.373277,0.000258572,0.00115306
8.84,0.191306,0.00447905,0.526351,0.92772,-0.373275,0.000646804,0.000978468
8.84,0.191306,0.00447905,0.526351,0.92772,-0.373275,0.000646804,0.000978468
8.85,0.191306,0.00447905,0.526351,0.92772,-0.373275,0.000646804,0.000978468
8.85,0.191306,0.00447905,0.526351,0.92772,-0.373275,0.000646804,0.000978468
8.86,0.191306,0.00447905,0.526351,0.92772,-0.373275,0.000646804,0.000978468
8.86,0.191306,0.00447905,0.526351,0.92772,-0.373275,0.000646804,0.000978468
8.86,0.191306,0.00447905,0.526351,0.92772,-0.373275,0.000646804,0.000978468
8.87,0.191306,0.00447905,0.526351,0.92772,-0.373275,0.000646804,0.000978468
8.88,0.191306,0.00447905,0.526351,0.92772,-0.373275,0.000646804,0.000978468
8.88,0.191306,0.00447905,0.526351,0.92772,-0.373275,0.000646804,0.000978468
8.88,0.191175,0.00447265,0.526481,0.927718,-0.373279,0.000955854,0.000840973
8.89,0.191175,0.00447265,0.526481,0.927718,-0.373279,0.000955854,0.000840973
8.9,0.191175,0.00447265,0.526481,0.927718,-0.373279,0.000955854,0.000840973
8.9,0.191175,0.00447265,0.526481,0.927718,-0.373279,0.000955854,0.000840973
8.9,0.191175,0.00447265,0.526481,0.927718,-0.373279,0.000955854,0.000840973
8.91,0.191175,0.00447265,0.526481,0.927718,-0.373279,0.000955854,0.000840973
8.92,0.191175,0.00447265,0.526481,0.927718,-0.373279,0.000955854,0.000840973
8.92,0.191175,0.00447265,0.526481,0.927718,-0.373279,0.000955854,0.000840973
8.93,0.191175,0.00447265,0.526481,0.927718,-0.373279,0.000955854,0.000840973
8.93,0.191175,0.00447265,0.526481,0.927718,-0.373279,0.000955854,0.000840973
8.94,0.191049,0.00446779,0.526604,0.927719,-0.373277,0.00125173,0.000708772
8.94,0.191049,0.00446779,0.526604,0.927719,-0.373277,0.00125173,0.000708772
8.94,0.191049,0.00446779,0.526604,0.927719,-0.373277,0.00125173,0.000708772
8.95,0.191049,0.00446779,0.526604,0.927719,-0.373277,0.00125173,0.000708772
8.96,0.191049,0.00446779,0.526604,0.927719,-0.373277,0.00125173,0.000708772
8.96,0.191049,0.00446779,0.526604,0.927719,-0.373277,0.00125173,0.000708772
8.96,0.191049,0.00446779,0.526604,0.927719,-0.373277,0.00125173,0.000708772
8.97,0.191049,0.00446779,0.526604,0.927719,-0.373277,0.00125173,0.000708772
8.98,0.191049,0.00446779,0.526604,0.927719,-0.373277,0.00125173,0.000708772
8.98,0.191049,0.00446779,0.526604,0.927719,-0.373277,0.00125173,0.000708772
8.98,0.190931,0.00446244,0.526723,0.92772,-0.373274,0.00153538,0.000582536
8.99,0.190931,0.00446244,0.526723,0.92772,-0.373274,0.00153538,0.000582536
9.0,0.190931,0.00446244,0.526723,0.92772,-0.373274,0.00153538,0.000582536
9.0,0.190931,0.00446244,0.526723,0.92772,-0.373274,0.00153538,0.000582536
9.01,0.190931,0.00446244,0.526723,0.92772,-0.373274,0.00153538,0.000582536
9.01,0.190931,0.00446244,0.526723,0.92772,-0.373274,0.00153538,0.000582536
9.02,0.190931,0.00446244,0.526723,0.92772,-0.373274,0.00153538,0.000582536
9.02,0.190931,0.00446244,0.526723,0.92772,-0.373274,0.00153538,0.000582536
9.02,0.190931,0.00446244,0.526723,0.92772,-0.373274,0.00153538,0.000582536
9.03,0.190931,0.00446244,0.526723,0.92772,-0.373274,0.00153538,0.000582536
9.04,0.190845,0.00446053,0.526805,0.92772,-0.373272,0.00173259,0.000495982
9.04,0.190845,0.00446053,0.526805,0.92772,-0.373272,0.00173259,0.000495982
9.04,0.190845,0.00446053,0.526805,0.92772,-0.373272,0.00173259,0.000495982
9.05,0.190845,0.00446053,0.526805,0.92772,-0.373272,0.00173259,0.000495982
9.06,0.190845,0.00446053,0.526805,0.92772,-0.373272,0.00173259,0.000495982
9.06,0.190845,0.00446053,0.526805,0.92772,-0.373272,0.00173259,0.000495982
9.06,0.190845,0.00446053,0.526805,0.92772,-0.373272,0.00173259,0.000495982
9.07,0.190845,0.00446053,0.526805,0.92772,-0.373272,0.00173259,0.000495982
9.08,0.190845,0.00446053,0.526805,0.92772,-0.373272,0.00173259,0.000495982
9.08,0.190845,0.00446053,0.526805,0.92772,-0.373272,0.00173259,0.000495982
9.09,0.190817,0.00445951,0.526837,0.927718,-0.373277,0.00180367,0.000462452
9.09,0.190817,0.00445951,0.526837,0.927718,-0.373277,0.00180367,0.000462452
9.1,0.190817,0.00445951,0.526837,0.927718,-0.373277,0.00180367,0.000462452
9.1,0.190817,0.00445951,0.526837,0.927718,-0.373277,0.00180367,0.000462452
9.1,0.190817,0.00445951,0.526837,0.927718,-0.373277,0.00180367,0.000462452
9.11,0.190817,0.00445951,0.526837,0.927718,-0.373277,0.00180367,0.000462452
9.12,0.190817,0.00445951,0.526837,0.927718,-0.373277,0.00180367,0.000462452
9.12,0.190817,0.00445951,0.526837,0.927718,-0.373277,0.00180367,0.000462452
9.12,0.190817,0.00445951,0.526837,0.927718,-0.373277,0.00180367,0.000462452
9.13,0.190817,0.00445951,0.526837,0.927718,-0.373277,0.00180367,0.000462452
9.14,0.19082,0.00446016,0.526832,0.92772,-0.373273,0.00179554,0.000468056
9.14,0.19082,0.00446016,0.526832,0.92772,-0.373273,0.00179554,0.000468056
9.14,0.19082,0.00446016,0.526832,0.92772,-0.373273,0.00179554,0.000468056
9.15,0.19082,0.00446016,0.526832,0.92772,-0.373273,0.00179554,0.000468056
9.15,0.19082,0.00446016,0.526832,0.92772,-0.373273,0.00179554,0.000468056
9.16,0.19082,0.00446016,0.526832,0.92772,-0.373273,0.00179554,0.000468056
9.17,0.19082,0.00446016,0.526832,0.92772,-0.373273,0.00179554,0.000468056
9.17,0.19082,0.00446016,0.526832,0.92772,-0.373273,0.00179554,0.000468056
9.18,0.19082,0.00446016,0.526832,0.92772,-0.373273,0.00179554,0.000468056
9.18,0.19082,0.00446016,0.526832,0.92772,-0.373273,0.00179554,0.000468056
9.18,0.190818,0.00445951,0.526833,0.92772,-0.373271,0.00179902,0.000463282
9.19,0.190818,0.00445951,0.526833,0.92772,-0.373271,0.00179902,0.000463282
9.2,0.190818,0.00445951,0.526833,0.92772,-0.373271,0.00179902,0.000463282
9.2,0.190818,0.00445951,0.526833,0.92772,-0.373271,0.00179902,0.000463282
9.2,0.190818,0.00445951,0.526833,0.92772,-0.373271,0.00179902,0.000463282
9.21,0.190818,0.00445951,0.526833,0.92772,-0.373271,0.00179902,0.000463282
9.22,0.190818,0.00445951,0.526833,0.92772,-0.373271,0.00179902,0.000463282
9.22,0.190818,0.00445951,0.526833,0.92772,-0.373271,0.00179902,0.000463282
9.22,0.190818,0.00445951,0.526833,0.92772,-0.373271,0.00179902,0.000463282
9.23,0.190818,0.00445951,0.526833,0.92772,-0.373271,0.00179902,0.000463282
9.24,0.190818,0.00445951,0.526833,0.92772,-0.373271,0.00179902,0.000463282
9.24,0.190819,0.00445876,0.526833,0.927719,-0.373274,0.00179797,0.000466714
9.25,0.190819,0.00445876,0.526833,0.927719,-0.373274,0.00179797,0.000466714
9.25,0.190819,0.00445876,0.526833,0.927719,-0.373274,0.00179797,0.000466714
9.26,0.190819,0.00445876,0.526833,0.927719,-0.373274,0.00179797,0.000466714
9.26,0.190819,0.00445876,0.526833,0.927719,-0.373274,0.00179797,0.000466714
9.26,0.190819,0.00445876,0.526833,0.927719,-0.373274,0.00179797,0.000466714
9.27,0.190819,0.00445876,0.526833,0.927719,-0.373274,0.00179797,0.000466714
9.28,0.190819,0.00445876,0.526833,0.927719,-0.373274,0.00179797,0.000466714
9.28,0.190819,0.00445876,0.526833,0.927719,-0.373274,0.00179797,0.000466714
9.28,0.190819,0.00445876,0.526833,0.927719,-0.373274,0.00179797,0.000466714
9.29,0.190819,0.00445976,0.526833,0.927718,-0.373278,0.00179907,0.000465928
9.3,0.190819,0.00445976,0.526833,0.927718,-0.373278,0.00179907,0.000465928
9.3,0.190819,0.00445976,0.526833,0.927718,-0.373278,0.00179907,0.000465928
9.3,0.190819,0.00445976,0.526833,0.927718,-0.373278,0.00179907,0.000465928
9.31,0.190819,0.00445976,0.526833,0.927718,-0.373278,0.00179907,0.000465928
9.32,0.190819,0.00445976,0.526833,0.927718,-0.373278,0.00179907,0.000465928
9.32,0.190819,0.00445976,0.526833,0.927718,-0.373278,0.00179907,0.000465928
9.33,0.190819,0.00445976,0.526833,0.927718,-0.373278,0.00179907,0.000465928
9.33,0.190819,0.00445976,0.526833,0.927718,-0.373278,0.00179907,0.000465928
9.34,0.190819,0.00445976,0.526833,0.927718,-0.373278,0.00179907,0.000465928
9.34,0.190818,0.0044596,0.526835,0.927718,-0.373277,0.00180195,0.000467003
9.35,0.190818,0.0044596,0.526835,0.927718,-0.373277,0.00180195,0.000467003
9.35,0.190818,0.0044596,0.526835,0.927718,-0.373277,0.00180195,0.000467003
9.36,0.190818,0.0044596,0.526835,0.927718,-0.373277,0.00180195,0.000467003
9.36,0.190818,0.0044596,0.526835,0.927718,-0.373277,0.00180195,0.000467003
9.36,0.190818,0.0044596,0.526835,0.927718,-0.373277,0.00180195,0.000467003
9.37,0.190818,0.0044596,0.526835,0.927718,-0.373277,0.00180195,0.000467003
9.38,0.190818,0.0044596,0.526835,0.927718,-0.373277,0.00180195,0.000467003
9.38,0.190818,0.0044596,0.526835,0.927718,-0.373277,0.00180195,0.000467003
9.38,0.190818,0.0044596,0.526835,0.927718,-0.373277,0.00180195,0.000467003
9.39,0.190818,0.00445931,0.526833,0.927719,-0.373274,0.00179788,0.000466022
9.4,0.190818,0.00445931,0.526833,0.927719,-0.373274,0.00179788,0.000466022
9.4,0.190818,0.00445931,0.526833,0.927719,-0.373274,0.00179788,0.000466022
9.4,0.190818,0.00445931,0.526833,0.927719,-0.373274,0.00179788,0.000466022
9.41,0.190818,0.00445931,0.526833,0.927719,-0.373274,0.00179788,0.000466022
9.42,0.190818,0.00445931,0.526833,0.927719,-0.373274,0.00179788,0.000466022
9.42,0.190818,0.00445931,0.526833,0.927719,-0.373274,0.00179788,0.000466022
9.43,0.190818,0.00445931,0.526833,0.927719,-0.373274,0.00179788,0.000466022
9.43,0.190818,0.00445931,0.526833,0.927719,-0.373274,0.00179788,0.000466022
9.44,0.190818,0.00445931,0.526833,0.927719,-0.373274,0.00179788,0.000466022
9.44,0.190818,0.00445955,0.526835,0.927717,-0.373279,0.00180334,0.000464593
9.44,0.190818,0.00445955,0.526835,0.927717,-0.373279,0.00180334,0.000464593
9.45,0.190818,0.00445955,0.526835,0.927717,-0.373279,0.00180334,0.000464593
9.46,0.190818,0.00445955,0.526835,0.927717,-0.373279,0.00180334,0.000464593
9.46,0.190818,0.00445955,0.526835,0.927717,-0.373279,0.00180334,0.000464593
9.46,0.190818,0.00445955,0.526835,0.927717,-0.373279,0.00180334,0.000464593
9.47,0.190818,0.00445955,0.526835,0.927717,-0.373279,0.00180334,0.000464593
9.48,0.190818,0.00445955,0.526835,0.927717,-0.373279,0.00180334,0.000464593
9.48,0.190818,0.00445955,0.526835,0.927717,-0.373279,0.00180334,0.000464593
9.48,0.190818,0.00445955,0.526835,0.927717,-0.373279,0.00180334,0.000464593
9.49,0.190819,0.0044595,0.526833,0.927719,-0.373274,0.00179779,0.000467555
9.5,0.190819,0.0044595,0.526833,0.927719,-0.373274,0.00179779,0.000467555
9.5,0.190819,0.0044595,0.526833,0.927719,-0.373274,0.00179779,0.000467555
9.51,0.190819,0.0044595,0.526833,0.927719,-0.373274,0.00179779,0.000467555
9.51,0.190819,0.0044595,0.526833,0.927719,-0.373274,0.00179779,0.000467555
9.52,0.190819,0.0044595,0.526833,0.927719,-0.373274,0.00179779,0.000467555
9.52,0.190819,0.0044595,0.526833,0.927719,-0.373274,0.00179779,0.000467555
9.52,0.190819,0.0044595,0.526833,0.927719,-0.373274,0.00179779,0.000467555
9.53,0.190819,0.0044595,0.526833,0.927719,-0.373274,0.00179779,0.000467555
9.54,0.190819,0.0044595,0.526833,0.927719,-0.373274,0.00179779,0.000467555
9.54,0.190818,0.00445899,0.526836,0.927717,-0.373279,0.00180366,0.00046491
9.54,0.190818,0.00445899,0.526836,0.927717,-0.373279,0.00180366,0.00046491
9.55,0.190818,0.00445899,0.526836,0.927717,-0.373279,0.00180366,0.00046491
9.56,0.190818,0.00445899,0.526836,0.927717,-0.373279,0.00180366,0.00046491
9.56,0.190818,0.00445899,0.526836,0.927717,-0.373279,0.00180366,0.00046491
9.56,0.190818,0.00445899,0.526836,0.927717,-0.373279,0.00180366,0.00046491
9.57,0.190818,0.00445899,0.526836,0.927717,-0.373279,0.00180366,0.00046491
9.58,0.190818,0.00445899,0.526836,0.927717,-0.373279,0.00180366,0.00046491
9.58,0.190818,0.00445899,0.526836,0.927717,-0.373279,0.00180366,0.00046491
9.59,0.190818,0.00445899,0.526836,0.927717,-0.373279,0.00180366,0.00046491
9.59,0.190819,0.00445829,0.526835,0.927719,-0.373276,0.00179785,0.000464294
9.6,0.190819,0.00445829,0.526835,0.927719,-0.373276,0.00179785,0.000464294
9.6,0.190819,0.00445829,0.526835,0.927719,-0.373276,0.00179785,0.000464294
9.6,0.190819,0.00445829,0.526835,0.927719,-0.373276,0.00179785,0.000464294
9.61,0.190819,0.00445829,0.526835,0.927719,-0.373276,0.00179785,0.000464294
9.62,0.190819,0.00445829,0.526835,0.927719,-0.373276,0.00179785,0.000464294
9.62,0.190819,0.00445829,0.526835,0.927719,-0.373276,0.00179785,0.000464294
9.62,0.190819,0.00445829,0.526835,0.927719,-0.373276,0.00179785,0.000464294
9.63,0.190819,0.00445829,0.526835,0.927719,-0.373276,0.00179785,0.000464294
9.64,0.190819,0.00445829,0.526835,0.927719,-0.373276,0.00179785,0.000464294
9.64,0.190819,0.00446085,0.526834,0.92772,-0.373272,0.00179747,0.000466637
9.64,0.190819,0.00446085,0.526834,0.92772,-0.373272,0.00179747,0.000466637
9.65,0.190819,0.00446085,0.526834,0.92772,-0.373272,0.00179747,0.000466637
9.65,0.190819,0.00446085,0.526834,0.92772,-0.373272,0.00179747,0.000466637
9.66,0.190819,0.00446085,0.526834,0.92772,-0.373272,0.00179747,0.000466637
9.67,0.190819,0.00446085,0.526834,0.92772,-0.373272,0.00179747,0.000466637
9.67,0.190819,0.00446085,0.526834,0.92772,-0.373272,0.00179747,0.000466637
9.68,0.190819,0.00446085,0.526834,0.92772,-0.373272,0.00179747,0.000466637
9.68,0.190819,0.00446085,0.526834,0.92772,-0.373272,0.00179747,0.000466637
9.68,0.190819,0.00446085,0.526834,0.92772,-0.373272,0.00179747,0.000466637
9.69,0.190818,0.00446021,0.526833,0.927719,-0.373274,0.00179953,0.000465725
9.7,0.190818,0.00446021,0.526833,0.927719,-0.373274,0.00179953,0.000465725
9.7,0.190818,0.00446021,0.526833,0.927719,-0.373274,0.00179953,0.000465725
9.7,0.190818,0.00446021,0.526833,0.927719,-0.373274,0.00179953,0.000465725
9.71,0.190818,0.00446021,0.526833,0.927719,-0.373274,0.00179953,0.000465725
9.72,0.190818,0.00446021,0.526833,0.927719,-0.373274,0.00179953,0.000465725
9.72,0.190818,0.00446021,0.526833,0.927719,-0.373274,0.00179953,0.000465725
9.72,0.190818,0.00446021,0.526833,0.927719,-0.373274,0.00179953,0.000465725
9.73,0.190818,0.00446021,0.526833,0.927719,-0.373274,0.00179953,0.000465725
9.74,0.190818,0.00446021,0.526833,0.927719,-0.373274,0.00179953,0.000465725
9.74,0.190818,0.00446021,0.526833,0.927719,-0.373274,0.00179953,0.000465725
9.75,0.190818,0.00445954,0.526835,0.927719,-0.373275,0.00180046,0.000465871
9.75,0.190818,0.00445954,0.526835,0.927719,-0.373275,0.00180046,0.000465871
9.76,0.190818,0.00445954,0.526835,0.927719,-0.373275,0.00180046,0.000465871
9.76,0.190818,0.00445954,0.526835,0.927719,-0.373275,0.00180046,0.000465871
9.76,0.190818,0.00445954,0.526835,0.927719,-0.373275,0.00180046,0.000465871
9.77,0.190818,0.00445954,0.526835,0.927719,-0.373275,0.00180046,0.000465871
9.78,0.190818,0.00445954,0.526835,0.927719,-0.373275,0.00180046,0.000465871
9.78,0.190818,0.00445954,0.526835,0.927719,-0.373275,0.00180046,0.000465871
9.78,0.190818,0.00445954,0.526835,0.927719,-0.373275,0.00180046,0.000465871
9.79,0.190818,0.00445954,0.526835,0.927719,-0.373275,0.00180046,0.000465871
9.8,0.190818,0.00445933,0.526835,0.927718,-0.373276,0.00180144,0.000466488
9.8,0.190818,0.00445933,0.526835,0.927718,-0.373276,0.00180144,0.000466488
9.8,0.190818,0.00445933,0.526835,0.927718,-0.373276,0.00180144,0.000466488
9.81,0.190818,0.00445933,0.526835,0.927718,-0.373276,0.00180144,0.000466488
9.82,0.190818,0.00445933,0.526835,0.927718,-0.373276,0.00180144,0.000466488
9.82,0.190818,0.00445933,0.526835,0.927718,-0.373276,0.00180144,0.000466488
9.83,0.190818,0.00445933,0.526835,0.927718,-0.373276,0.00180144,0.000466488
9.83,0.190818,0.00445933,0.526835,0.927718,-0.373276,0.00180144,0.000466488
9.84,0.190818,0.00445933,0.526835,0.927718,-0.373276,0.00180144,0.000466488
9.84,0.190818,0.00445933,0.526835,0.927718,-0.373276,0.00180144,0.000466488
9.85,0.190819,0.00445946,0.526836,0.927719,-0.373274,0.00180066,0.000464347
9.85,0.190819,0.00445946,0.526836,0.927719,-0.373274,0.00180066,0.000464347
9.86,0.190819,0.00445946,0.526836,0.927719,-0.373274,0.00180066,0.000464347
9.86,0.190819,0.00445946,0.526836,0.927719,-0.373274,0.00180066,0.000464347
9.86,0.190819,0.00445946,0.526836,0.927719,-0.373274,0.00180066,0.000464347
9.87,0.190819,0.00445946,0.526836,0.927719,-0.373274,0.00180066,0.000464347
9.88,0.190819,0.00445946,0.526836,0.927719,-0.373274,0.00180066,0.000464347
9.88,0.190819,0.00445946,0.526836,0.927719,-0.373274,0.00180066,0.000464347
9.88,0.190819,0.00445946,0.526836,0.927719,-0.373274,0.00180066,0.000464347
9.89,0.190819,0.00445946,0.526836,0.927719,-0.373274,0.00180066,0.000464347
9.9,0.190819,0.00445852,0.526834,0.927718,-0.373278,0.00179671,0.000463687
9.9,0.190819,0.00445852,0.526834,0.927718,-0.373278,0.00179671,0.000463687
9.9,0.190819,0.00445852,0.526834,0.927718,-0.373278,0.00179671,0.000463687
9.91,0.190819,0.00445852,0.526834,0.927718,-0.373278,0.00179671,0.000463687
9.92,0.190819,0.00445852,0.526834,0.927718,-0.373278,0.00179671,0.000463687
9.92,0.190819,0.00445852,0.526834,0.927718,-0.373278,0.00179671,0.000463687
9.93,0.190819,0.00445852,0.526834,0.927718,-0.373278,0.00179671,0.000463687
9.93,0.190819,0.00445852,0.526834,0.927718,-0.373278,0.00179671,0.000463687
9.94,0.190819,0.00445852,0.526834,0.927718,-0.373278,0.00179671,0.000463687
9.94,0.190819,0.00445852,0.526834,0.927718,-0.373278,0.00179671,0.000463687
9.94,0.190817,0.00446056,0.526834,0.927718,-0.373276,0.00180083,0.000466991
9.95,0.190817,0.00446056,0.526834,0.927718,-0.373276,0.00180083,0.000466991
9.96,0.190817,0.00446056,0.526834,0.927718,-0.373276,0.00180083,0.000466991
9.96,0.190817,0.00446056,0.526834,0.927718,-0.373276,0.00180083,0.000466991
9.96,0.190817,0.00446056,0.526834,0.927718,-0.373276,0.00180083,0.000466991
9.97,0.190817,0.00446056,0.526834,0.927718,-0.373276,0.00180083,0.000466991
9.98,0.190817,0.00446056,0.526834,0.927718,-0.373276,0.00180083,0.000466991
9.98,0.190817,0.00446056,0.526834,0.927718,-0.373276,0.00180083,0.000466991
9.98,0.190817,0.00446056,0.526834,0.927718,-0.373276,0.00180083,0.000466991
9.99,0.190817,0.00446056,0.526834,0.927718,-0.373276,0.00180083,0.000466991
10.0,0.190818,0.00445957,0.526834,0.927717,-0.373279,0.00179922,0.000466413
10.0,0.190818,0.00445957,0.526834,0.927717,-0.373279,0.00179922,0.000466413
10.01,0.190818,0.00445957,0.526834,0.927717,-0.373279,0.00179922,0.000466413
10.01,0.190818,0.00445957,0.526834,0.927717,-0.373279,0.00179922,0.000466413
10.02,0.190818,0.00445957,0.526834,0.927717,-0.373279,0.00179922,0.000466413
10.02,0.190818,0.00445957,0.526834,0.927717,-0.373279,0.00179922,0.000466413
10.02,0.190818,0.00445957,0.526834,0.927717,-0.373279,0.00179922,0.000466413
10.03,0.190818,0.00445957,0.526834,0.927717,-0.373279,0.00179922,0.000466413
10.04,0.190818,0.00445957,0.526834,0.927717,-0.373279,0.00179922,0.000466413
10.04,0.190818,0.00445957,0.526834,0.927717,-0.373279,0.00179922,0.000466413
10.04,0.190818,0.00445797,0.526835,0.927716,-0.373283,0.0018024,0.000465513
10.05,0.190818,0.00445797,0.526835,0.927716,-0.373283,0.0018024,0.000465513
10.06,0.190818,0.00445797,0.526835,0.927716,-0.373283,0.0018024,0.000465513
10.06,0.190818,0.00445797,0.526835,0.927716,-0.373283,0.0018024,0.000465513
10.06,0.190818,0.00445797,0.526835,0.927716,-0.373283,0.0018024,0.000465513
10.07,0.190818,0.00445797,0.526835,0.927716,-0.373283,0.0018024,0.000465513
10.08,0.190818,0.00445797,0.526835,0.927716,-0.373283,0.0018024,0.000465513
10.08,0.190818,0.00445797,0.526835,0.927716,-0.373283,0.0018024,0.000465513
10.09,0.190818,0.00445797,0.526835,0.927716,-0.373283,0.0018024,0.000465513
10.09,0.190818,0.00445797,0.526835,0.927716,-0.373283,0.0018024,0.000465513
10.1,0.190818,0.0044593,0.526837,0.927718,-0.373277,0.00180192,0.000466091
10.1,0.190818,0.0044593,0.526837,0.927718,-0.373277,0.00180192,0.000466091
10.1,0.190818,0.0044593,0.526837,0.927718,-0.373277,0.00180192,0.000466091
10.11,0.190818,0.0044593,0.526837,0.927718,-0.373277,0.00180192,0.000466091
10.12,0.190818,0.0044593,0.526837,0.927718,-0.373277,0.00180192,0.000466091
10.12,0.190818,0.0044593,0.526837,0.927718,-0.373277,0.00180192,0.000466091
10.12,0.190818,0.0044593,0.526837,0.927718,-0.373277,0.00180192,0.000466091
10.13,0.190818,0.0044593,0.526837,0.927718,-0.373277,0.00180192,0.000466091
10.14,0.190818,0.0044593,0.526837,0.927718,-0.373277,0.00180192,0.000466091
10.14,0.190818,0.0044593,0.526837,0.927718,-0.373277,0.00180192,0.000466091
10.14,0.190818,0.00445778,0.526833,0.927718,-0.373276,0.00179761,0.000466199
10.15,0.190818,0.00445778,0.526833,0.927718,-0.373276,0.00179761,0.000466199
10.15,0.190818,0.00445778,0.526833,0.927718,-0.373276,0.00179761,0.000466199
10.16,0.190818,0.00445778,0.526833,0.927718,-0.373276,0.00179761,0.000466199
10.17,0.190818,0.00445778,0.526833,0.927718,-0.373276,0.00179761,0.000466199
10.17,0.190818,0.00445778,0.526833,0.927718,-0.373276,0.00179761,0.000466199
10.18,0.190818,0.00445778,0.526833,0.927718,-0.373276,0.00179761,0.000466199
10.18,0.190818,0.00445778,0.526833,0.927718,-0.373276,0.00179761,0.000466199
10.18,0.190818,0.00445778,0.526833,0.927718,-0.373276,0.00179761,0.000466199
10.19,0.190818,0.00445778,0.526833,0.927718,-0.373276,0.00179761,0.000466199
10.2,0.190818,0.00445778,0.526833,0.927718,-0.373276,0.00179761,0.000466199
10.2,0.190818,0.00445968,0.526837,0.927717,-0.37328,0.00180368,0.000465738
10.2,0.190818,0.00445968,0.526837,0.927717,-0.37328,0.00180368,0.000465738
10.21,0.190818,0.00445968,0.526837,0.927717,-0.37328,0.00180368,0.000465738
10.22,0.190818,0.00445968,0.526837,0.927717,-0.37328,0.00180368,0.000465738
10.22,0.190818,0.00445968,0.526837,0.927717,-0.37328,0.00180368,0.000465738
10.22,0.190818,0.00445968,0.526837,0.927717,-0.37328,0.00180368,0.000465738
10.23,0.190818,0.00445968,0.526837,0.927717,-0.37328,0.00180368,0.000465738
10.24,0.190818,0.00445968,0.526837,0.927717,-0.37328,0.00180368,0.000465738
10.24,0.190818,0.00445968,0.526837,0.927717,-0.37328,0.00180368,0.000465738
10.24,0.190818,0.00445968,0.526837,0.927717,-0.37328,0.00180368,0.000465738
10.25,0.190818,0.00445958,0.526836,0.927717,-0.373279,0.00180258,0.000466722
10.26,0.190818,0.00445958,0.526836,0.927717,-0.373279,0.00180258,0.000466722
10.26,0.190818,0.00445958,0.526836,0.927717,-0.373279,0.00180258,0.000466722
10.26,0.190818,0.00445958,0.526836,0.927717,-0.373279,0.00180258,0.000466722
10.27,0.190818,0.00445958,0.526836,0.927717,-0.373279,0.00180258,0.000466722
10.28,0.190818,0.00445958,0.526836,0.927717,-0.373279,0.00180258,0.000466722
10.28,0.190818,0.00445958,0.526836,0.927717,-0.373279,0.00180258,0.000466722
10.28,0.190818,0.00445958,0.526836,0.927717,-0.373279,0.00180258,0.000466722
10.29,0.190818,0.00445958,0.526836,0.927717,-0.373279,0.00180258,0.000466722
10.3,0.190818,0.00445958,0.526836,0.927717,-0.373279,0.00180258,0.000466722
10.3,0.190818,0.00445787,0.526835,0.927718,-0.373277,0.00180134,0.000464052
10.3,0.190818,0.00445787,0.526835,0.927718,-0.373277,0.00180134,0.000464052
10.31,0.190818,0.00445787,0.526835,0.927718,-0.373277,0.00180134,0.000464052
10.32,0.190818,0.00445787,0.526835,0.927718,-0.373277,0.00180134,0.000464052
10.32,0.190818,0.00445787,0.526835,0.927718,-0.373277,0.00180134,0.000464052
10.32,0.190818,0.00445787,0.526835,0.927718,-0.373277,0.00180134,0.000464052
10.33,0.190818,0.00445787,0.526835,0.927718,-0.373277,0.00180134,0.000464052
10.34,0.190818,0.00445787,0.526835,0.927718,-0.373277,0.00180134,0.000464052
10.34,0.190818,0.00445787,0.526835,0.927718,-0.373277,0.00180134,0.000464052
10.34,0.190818,0.00445787,0.526835,0.927718,-0.373277,0.00180134,0.000464052
10.35,0.190818,0.00445908,0.526835,0.927717,-0.37328,0.00180166,0.000465339
10.36,0.190818,0.00445908,0.526835,0.927717,-0.37328,0.00180166,0.000465339
10.36,0.190818,0.00445908,0.526835,0.927717,-0.37328,0.00180166,0.000465339
10.36,0.190818,0.00445908,0.526835,0.927717,-0.37328,0.00180166,0.000465339
10.37,0.190818,0.00445908,0.526835,0.927717,-0.37328,0.00180166,0.000465339
10.38,0.190818,0.00445908,0.526835,0.927717,-0.37328,0.00180166,0.000465339
10.38,0.190818,0.00445908,0.526835,0.927717,-0.37328,0.00180166,0.000465339
10.38,0.190818,0.00445908,0.526835,0.927717,-0.37328,0.00180166,0.000465339
10.39,0.190818,0.00445908,0.526835,0.927717,-0.37328,0.00180166,0.000465339
10.4,0.190818,0.00445908,0.526835,0.927717,-0.37328,0.00180166,0.000465339
10.4,0.190818,0.00445958,0.526834,0.92772,-0.373272,0.00179975,0.000466192
10.4,0.190818,0.00445958,0.526834,0.92772,-0.373272,0.00179975,0.000466192
10.41,0.190818,0.00445958,0.526834,0.92772,-0.373272,0.00179975,0.000466192
10.42,0.190818,0.00445958,0.526834,0.92772,-0.373272,0.00179975,0.000466192
10.42,0.190818,0.00445958,0.526834,0.92772,-0.373272,0.00179975,0.000466192
10.42,0.190818,0.00445958,0.526834,0.92772,-0.373272,0.00179975,0.000466192
10.43,0.190818,0.00445958,0.526834,0.92772,-0.373272,0.00179975,0.000466192
10.44,0.190818,0.00445958,0.526834,0.92772,-0.373272,0.00179975,0.000466192
10.44,0.190818,0.00445958,0.526834,0.92772,-0.373272,0.00179975,0.000466192
10.44,0.190818,0.00445958,0.526834,0.92772,-0.373272,0.00179975,0.000466192
10.45,0.190817,0.00445941,0.526838,0.927717,-0.373279,0.00180463,0.000464517
10.46,0.190817,0.00445941,0.526838,0.927717,-0.373279,0.00180463,0.000464517
10.46,0.190817,0.00445941,0.526838,0.927717,-0.373279,0.00180463,0.000464517
10.46,0.190817,0.00445941,0.526838,0.927717,-0.373279,0.00180463,0.000464517
10.47,0.190817,0.00445941,0.526838,0.927717,-0.373279,0.00180463,0.000464517
10.48,0.190817,0.00445941,0.526838,0.927717,-0.373279,0.00180463,0.000464517
10.48,0.190817,0.00445941,0.526838,0.927717,-0.373279,0.00180463,0.000464517
10.48,0.190817,0.00445941,0.526838,0.927717,-0.373279,0.00180463,0.000464517
10.49,0.190817,0.00445941,0.526838,0.927717,-0.373279,0.00180463,0.000464517
10.5,0.190817,0.00445941,0.526838,0.927717,-0.373279,0.00180463,0.000464517
10.5,0.190819,0.00445942,0.526836,0.927718,-0.373276,0.00179838,0.000465339
10.5,0.190819,0.00445942,0.526836,0.927718,-0.373276,0.00179838,0.000465339
10.51,0.190819,0.00445942,0.526836,0.927718,-0.373276,0.00179838,0.000465339
10.52,0.190819,0.00445942,0.526836,0.927718,-0.373276,0.00179838,0.000465339
10.52,0.190819,0.00445942,0.526836,0.927718,-0.373276,0.00179838,0.000465339
10.52,0.190819,0.00445942,0.526836,0.927718,-0.373276,0.00179838,0.000465339
10.53,0.190819,0.00445942,0.526836,0.927718,-0.373276,0.00179838,0.000465339
10.54,0.190819,0.00445942,0.526836,0.927718,-0.373276,0.00179838,0.000465339
10.54,0.190819,0.00445942,0.526836,0.927718,-0.373276,0.00179838,0.000465339
10.54,0.190819,0.00445942,0.526836,0.927718,-0.373276,0.00179838,0.000465339
10.55,0.190818,0.00445922,0.526837,0.927719,-0.373274,0.00180088,0.000463115
10.56,0.190818,0.00445922,0.526837,0.927719,-0.373274,0.00180088,0.000463115
10.56,0.190818,0.00445922,0.526837,0.927719,-0.373274,0.00180088,0.000463115
10.56,0.190818,0.00445922,0.526837,0.927719,-0.373274,0.00180088,0.000463115
10.57,0.190818,0.00445922,0.526837,0.927719,-0.373274,0.00180088,0.000463115
10.58,0.190818,0.00445922,0.526837,0.927719,-0.373274,0.00180088,0.000463115
10.58,0.190818,0.00445922,0.526837,0.927719,-0.373274,0.00180088,0.000463115
10.58,0.190818,0.00445922,0.526837,0.927719,-0.373274,0.00180088,0.000463115
10.59,0.190818,0.00445922,0.526837,0.927719,-0.373274,0.00180088,0.000463115
10.6,0.190818,0.00445922,0.526837,0.927719,-0.373274,0.00180088,0.000463115
10.6,0.190818,0.00445921,0.526834,0.927717,-0.37328,0.00179873,0.000466076
10.6,0.190818,0.00445921,0.526834,0.927717,-0.37328,0.00179873,0.000466076
10.61,0.190818,0.00445921,0.526834,0.927717,-0.37328,0.00179873,0.000466076
10.62,0.190818,0.00445921,0.526834,0.927717,-0.37328,0.00179873,0.000466076
10.62,0.190818,0.00445921,0.526834,0.927717,-0.37328,0.00179873,0.000466076
10.62,0.190818,0.00445921,0.526834,0.927717,-0.37328,0.00179873,0.000466076
10.63,0.190818,0.00445921,0.526834,0.927717,-0.37328,0.00179873,0.000466076
10.64,0.190818,0.00445921,0.526834,0.927717,-0.37328,0.00179873,0.000466076
10.64,0.190818,0.00445921,0.526834,0.927717,-0.37328,0.00179873,0.000466076
10.64,0.190818,0.00445921,0.526834,0.927717,-0.37328,0.00179873,0.000466076
10.65,0.190818,0.00445739,0.526835,0.927718,-0.373276,0.00180172,0.000463886
10.66,0.190818,0.00445739,0.526835,0.927718,-0.373276,0.00180172,0.000463886
10.66,0.190818,0.00445739,0.526835,0.927718,-0.373276,0.00180172,0.000463886
10.66,0.190818,0.00445739,0.526835,0.927718,-0.373276,0.00180172,0.000463886
10.67,0.190818,0.00445739,0.526835,0.927718,-0.373276,0.00180172,0.000463886
10.68,0.190818,0.00445739,0.526835,0.927718,-0.373276,0.00180172,0.000463886
10.68,0.190818,0.00445739,0.526835,0.927718,-0.373276,0.00180172,0.000463886
10.68,0.190818,0.00445739,0.526835,0.927718,-0.373276,0.00180172,0.000463886
10.69,0.190818,0.00445739,0.526835,0.927718,-0.373276,0.00180172,0.000463886
10.7,0.190818,0.00445739,0.526835,0.927718,-0.373276,0.00180172,0.000463886
10.7,0.190818,0.00445739,0.526835,0.927718,-0.373276,0.00180172,0.000463886
10.7,0.190818,0.00445997,0.526836,0.92772,-0.373272,0.00180207,0.000465658
10.71,0.190818,0.00445997,0.526836,0.92772,-0.373272,0.00180207,0.000465658
10.72,0.190818,0.00445997,0.526836,0.92772,-0.373272,0.00180207,0.000465658
10.72,0.190818,0.00445997,0.526836,0.92772,-0.373272,0.00180207,0.000465658
10.72,0.190818,0.00445997,0.526836,0.92772,-0.373272,0.00180207,0.000465658
10.73,0.190818,0.00445997,0.526836,0.92772,-0.373272,0.00180207,0.000465658
10.74,0.190818,0.00445997,0.526836,0.92772,-0.373272,0.00180207,0.000465658
10.74,0.190818,0.00445997,0.526836,0.92772,-0.373272,0.00180207,0.000465658
10.74,0.190818,0.00445997,0.526836,0.92772,-0.373272,0.00180207,0.000465658
10.75,0.190818,0.00445997,0.526836,0.92772,-0.373272,0.00180207,0.000465658
10.76,0.190818,0.00445833,0.526836,0.927717,-0.373279,0.00180032,0.000465113
10.76,0.190818,0.00445833,0.526836,0.927717,-0.373279,0.00180032,0.000465113
10.76,0.190818,0.00445833,0.526836,0.927717,-0.373279,0.00180032,0.000465113
10.77,0.190818,0.00445833,0.526836,0.927717,-0.373279,0.00180032,0.000465113
10.78,0.190818,0.00445833,0.526836,0.927717,-0.373279,0.00180032,0.000465113
10.78,0.190818,0.00445833,0.526836,0.927717,-0.373279,0.00180032,0.000465113
10.78,0.190818,0.00445833,0.526836,0.927717,-0.373279,0.00180032,0.000465113
10.79,0.190818,0.00445833,0.526836,0.927717,-0.373279,0.00180032,0.000465113
10.8,0.190818,0.00445833,0.526836,0.927717,-0.373279,0.00180032,0.000465113
10.8,0.190818,0.00445833,0.526836,0.927717,-0.373279,0.00180032,0.000465113
10.8,0.190818,0.00445934,0.526835,0.927717,-0.37328,0.00180064,0.000466834
10.81,0.190818,0.00445934,0.526835,0.927717,-0.37328,0.00180064,0.000466834
